 0.00000000   0.15096492   0.48727748   0.38039269   0.41116625   0.55331304   0.38165146   0.59232848   0.25560189   0.49054874   0.51535736   0.67208412   0.30667258   0.47567795   0.36794550   0.19645155   0.41885401   0.37490683   0.39011552   0.38348180   0.27086989   0.40757180   0.29405051   0.38304793   0.32780264   0.22977857   0.28962924   0.46332605   0.41119143   0.55298863   0.52295550   0.25568936   0.26490162   0.33593253   0.39823669   0.31646974   0.29714622   0.33941672   0.45479002   0.35672603   0.30898954   0.16973748   0.29238218   0.43259257   0.36382740   0.36249828   0.22215483   0.22366669   0.15463573   0.15169949   0.11184448   0.06257516   0.08172742   0.07497541   0.16084695   0.19266292   0.51123606   0.00924565   0.25129647   0.02733011   0.29308349   0.20901680   0.12668395   0.23121794   0.32324281   0.03249925   0.23495294   0.07794617   0.18071253   0.16530180   0.09504615   0.19611322   0.10861104   0.06626241  -0.10246871  -0.00906666  -0.00011425   0.08229913  -0.00605435  -0.02921476  -0.02219375   0.09459751   0.16377840   0.00271917   0.12266522   0.23620939   0.02284321   0.06638800   0.16203173   0.08254873   0.19561184   0.18501648   0.20688508   0.09192929   0.15212995  -0.06681260   0.19764241   0.07199762   0.22282998   0.07973385   0.65518106   0.58436284   0.32696636   0.21039771   0.53880466   0.54519062   0.52942251   0.40908273   0.47690954   0.48786448   0.56088360   0.56544468   0.47666426   0.48737829   0.32583266   0.40303736   0.42645902   0.44452361   0.49850681   0.33828983   0.43078574   0.29452175   0.41506671   0.33354671   0.41175350   0.21271876   0.23293474   0.30024992   0.43181054   0.31277038   0.52737291   0.39129611   0.23961984   0.10734822   0.28532501   0.29186973   0.34918639   0.33191921   0.11322067   0.35043896   0.43552817   0.44193725   0.39081037   0.18344059   0.33563973   0.36663241   0.36826794   0.23839337   0.35074777   0.52502548   0.23285845   0.30670940   0.29592471   0.10305922   0.03988918   0.14423409   0.02002611   0.13813603  -0.00833927   0.12242296   0.22836048   0.15397643   0.07429003   0.30250264   0.03622529   0.29134922   0.15347251   0.30896800   0.26300551   0.07128574   0.03354600   0.18200486   0.06197896   0.10116297   0.26913022   0.22096477   0.21418033   0.20953670   0.31670677   0.05987262   0.27448700   0.06558051   0.12159871   0.18638229   0.06801403   0.01687884  -0.01453948   0.05425973   0.11313459   0.29133544   0.22130138   0.21678727   0.18620490  -0.04633765   0.25117786   0.16620784   0.26101562   0.21848438   0.41763320   0.30197688
 0.15096492   0.00000000   0.34161183   0.72810625   0.47361590   0.53498419  -0.02840543  -0.01986204  -0.05197235   0.10276874  -0.07056216   0.32633838  -0.05461950  -0.02792413  -0.11283574  -0.10359489   0.18296242   0.13982947   0.16194306   0.12417381  -0.16107526  -0.12097679  -0.17265929  -0.15857818  -0.04146474  -0.21499632  -0.21606964  -0.08222162   0.09298234   0.47755231   0.29217615   0.51250789   0.47655563   0.47314130  -0.07060081   0.05897503   0.06453917   0.53372616   0.14991082  -0.06744159  -0.07064788  -0.11124671  -0.03302368   0.20901445  -0.01020281   0.05118754   0.14675302   0.34509523  -0.05644662   0.04258048   0.01337761   0.06357238   0.01778407   0.12246583   0.03156880  -0.07074723   0.21951661   0.44110271   0.29692299   0.23885784   0.26364474   0.20723941  -0.01012264   0.02032988   0.19277832  -0.04066825   0.33557582   0.27636952   0.29911818   0.17866404   0.38296160   0.36334354   0.49675975   0.28582448   0.17895876   0.30589509   0.11893255   0.20548915   0.46482799  -0.01338700   0.21123873   0.06237253  -0.07771447   0.06038092  -0.12803408   0.02598515   0.02984370   0.07236861   0.25379651   0.11405452   0.22366352  -0.08110615   0.19671078   0.05290071   0.01662882   0.32045148   0.04089646  -0.03077326  -0.14693834   0.16318832   0.02752753   0.40053293   0.57127286   0.83534242   0.45331504   0.52219989   0.05693601   0.01267215   0.28950249   0.01659893   0.05007153   0.37484026   0.01647491  -0.04149839  -0.12835650  -0.00780732   0.24334520   0.18871148   0.16682051   0.20760906   0.33817237   0.22992792   0.25121836  -0.18715271  -0.09908864  -0.19010580  -0.25362466  -0.17622907  -0.09225940  -0.16809684   0.32175995   0.03299082   0.50782039   0.52628764   0.45330033   0.63874041  -0.06481631   0.03868901   0.49426742   0.42308824   0.23616969   0.01981445   0.07264315  -0.06983514  -0.12141886  -0.07678428  -0.00205446  -0.00739538   0.11595098   0.22148777   0.28090682   0.31312019   0.46153939  -0.04322744  -0.07810786   0.11118249   0.10628454  -0.07681919  -0.00068757   0.20295769   0.00481836   0.11785764  -0.04294175  -0.04003378   0.45575044   0.32109337   0.31600988   0.15748534  -0.05411705   0.03170111   0.07656630   0.44724578   0.32035938   0.33349578   0.23265810   0.36544627   0.26695398   0.43515705   0.29086609   0.27115386   0.54395368   0.44700915   0.34335986   0.17306305   0.39356246   0.34033524   0.00262939   0.02049231   0.16023667   0.16541020   0.01747888   0.33192795   0.01356936   0.17067773   0.05329345  -0.06188373  -0.07565301   0.06355647   0.19214734   0.04759376
 0.48727748   0.34161183   0.00000000   0.37655317   0.40970047   0.44705858   0.21536899   0.45661926   0.18845616   0.50920180   0.27328365   0.56418770   0.21140992   0.24636639   0.14792038   0.04195763   0.38676541   0.32243465   0.35205222   0.31708214   0.06395935   0.21678859   0.12452175   0.15220682   0.15746837   0.02071451   0.08886763   0.21761317   0.35057845   0.42351182   0.51555126   0.31039479   0.41420456   0.42192375   0.17274024   0.20839164   0.20448273   0.44098448   0.44584304   0.23501495   0.21729730   0.05643523   0.22129400   0.44929491   0.32489371   0.28935404   0.28047548   0.38678681   0.08832755   0.20506230   0.24011358   0.10942059   0.07958060   0.14488078   0.16726880   0.09899646   0.35681435   0.28613984   0.30899799   0.12687635   0.39786903   0.35831060   0.19511058   0.18931095   0.39781744   0.04594679   0.48931294   0.30920042   0.41882094   0.26273215   0.26468672   0.44674165   0.32854212   0.23128921   0.22205301   0.31721394   0.24334170   0.27756067   0.33143504   0.06194498   0.27177360   0.17584366   0.08833144   0.16469636   0.02113408   0.21372981   0.10933918   0.19901869   0.36450891   0.28199940   0.33130729   0.13239367   0.33809001   0.10809155   0.16829572   0.27173669   0.34334496   0.09507777   0.07015223   0.32858337   0.38851117   0.40960853   0.61122718   0.37703646   0.46938061   0.53255738   0.38856239   0.35416120   0.62254868   0.34631294   0.37430836   0.49139815   0.27912009   0.26914992   0.18732253   0.26228044   0.31498821   0.42016654   0.39921797   0.34740662   0.43463733   0.26014600   0.39559107   0.15469203   0.17754791   0.03700286   0.02875948   0.13560371   0.24758293   0.15223056   0.45549269   0.35488412   0.33176067   0.30182975   0.31275163   0.41897861   0.13060329   0.20991734   0.30783050   0.39883922   0.41382175   0.29582426   0.27960646   0.11666711   0.17930321   0.20968756   0.30120121   0.21855147   0.34362781   0.49441127   0.29833143   0.35878530   0.39085491   0.08527300   0.03539515   0.25602614   0.07276523   0.11753582   0.09740564   0.27530524   0.20041623   0.17582130   0.08440945   0.17250283   0.33049944   0.32499716   0.35178749   0.25356309   0.18174035   0.09969462   0.16641136   0.43360542   0.28118739   0.24432923   0.38344937   0.41218701   0.39182893   0.36018539   0.41654263   0.31663882   0.43766832   0.35181931   0.32236771   0.31966924   0.36218344   0.34375302   0.04318529   0.11394169   0.27883659   0.39381498   0.18336489   0.38290626   0.14013230   0.26185773   0.36861209   0.09269463   0.10651358   0.16850268   0.39361474   0.21454200
 0.38039269   0.72810625   0.37655317   0.00000000   0.59717118   0.82926550   0.07260964   0.17617305   0.02172680   0.20773004   0.13347275   0.59765939   0.01987170   0.15743558   0.03525821  -0.01848100   0.34738918   0.24070676   0.24613092   0.26310068  -0.05462022   0.00913782  -0.07464924  -0.01581609   0.08853907  -0.10208502  -0.07229928   0.10049873   0.15228604   0.63480132   0.44352530   0.56624334   0.51528039   0.49801831   0.06195306   0.16852923   0.20568781   0.61317797   0.26589576   0.02316286   0.00512228  -0.05057870   0.02403914   0.27598007   0.09245295   0.15472722   0.10327568   0.28106871  -0.01457143   0.04394146  -0.00213701   0.07005252   0.07479008   0.13144637   0.04948971  -0.00054801   0.43873591   0.29695579   0.26929750   0.18947969   0.27849414   0.11483723  -0.02051687   0.01129304   0.23423943  -0.03475784   0.24302193   0.10741215   0.18631152   0.10135969   0.27366068   0.27978764   0.45284415   0.20858227   0.01551964   0.15133513   0.02571467   0.10636126   0.33622384  -0.06079219   0.10170595   0.02976109   0.01194574   0.01450642  -0.04138965   0.09921614  -0.01752748   0.00620029   0.18045601   0.03669804   0.18296053  -0.03271897   0.17360482   0.01508573   0.03744302   0.17079210   0.00913981  -0.03679184  -0.01677717   0.04888081   0.24547705   0.65270395   0.58086535   0.77687358   0.67203202   0.77000492   0.22186592   0.10447392   0.36208715   0.15465219   0.27834174   0.63698795   0.19839716   0.13750690  -0.01441878   0.12956171   0.37968115   0.32091805   0.34822748   0.29709618   0.48109171   0.32871397   0.37990291  -0.09269094   0.03957729  -0.10979232  -0.15827634  -0.05400747   0.05899183  -0.03624444   0.45931548   0.16032639   0.56015105   0.49840303   0.50847659   0.65319477   0.05858707   0.14130843   0.44892828   0.55747680   0.34306866   0.14473496   0.15873468  -0.04789328  -0.01095722   0.04630080   0.06955735   0.03750633   0.16798474   0.35468896   0.26447306   0.27953997   0.45066074  -0.01510671  -0.03740577   0.07186045   0.13190661  -0.04214775  -0.03763129   0.15887708   0.04387525   0.11789637  -0.04294774   0.03337421   0.28871611   0.31910856   0.24180820   0.19136624  -0.02429689  -0.00168097  -0.00824563   0.34798233   0.17670571   0.23116890   0.15039744   0.25031204   0.18608653   0.35206133   0.27466324   0.15026185   0.57535472   0.36096689   0.27065846   0.05139922   0.26421623   0.19078778  -0.00894426   0.02752611   0.11018726   0.12559098   0.08790502   0.28549700   0.00367606  -0.00094536   0.03188711  -0.06132492   0.04810488   0.19039907   0.31043257   0.05877494
 0.41116625   0.47361590   0.40970047   0.59717118   0.00000000   0.68696170   0.22831114   0.23696475   0.13503404   0.26369583   0.17759750   0.54926363   0.04256191   0.16844254  -0.00054606  -0.08328404   0.32465005   0.24814918   0.23538798   0.22634054  -0.07536479   0.03746993  -0.05221870   0.01274205   0.12975587  -0.10260731  -0.05407473   0.10790442   0.29206920   0.60029624   0.59408142   0.57688445   0.58398587   0.57398871   0.22925089   0.15622274   0.22217524   0.62157967   0.39731534   0.27659518   0.06754673   0.02042940   0.13270773   0.38499890   0.17738132   0.19879102   0.32104618   0.39126232   0.02972746   0.10413572   0.07363216   0.05504115   0.08397558   0.12408550   0.09638971  -0.00850152   0.55255258   0.24181632   0.37727047   0.21966269   0.44865802   0.22616220  -0.01505594   0.20797616   0.30118532  -0.03170738   0.33749475   0.21785262   0.25185931   0.10418308   0.24242524   0.47433870   0.52123834   0.23318866   0.01950777   0.20572938   0.06194883   0.13682369   0.32982361  -0.03229949   0.10997605   0.03126350   0.01354593  -0.03767296  -0.06967124   0.04044106  -0.02818365   0.02500441   0.17681473   0.05186800   0.20039475  -0.02595000   0.23752095  -0.03962773  -0.01308887   0.31567709   0.17895348   0.07868641  -0.07445046   0.13810990   0.33048017   0.54344821   0.51221302   0.51968021   0.66636031   0.62489005   0.26644807   0.20053191   0.38347441   0.19560631   0.29759520   0.58872661   0.16988755   0.16656310   0.00335186   0.10706756   0.38727150   0.27734232   0.30220675   0.32377467   0.44009717   0.23262465   0.33289576  -0.06427649   0.03411828  -0.10524024  -0.13141028   0.00895225   0.07874160  -0.02676956   0.53327455   0.23184024   0.58744772   0.52857291   0.51127287   0.58079568   0.20604163   0.17832826   0.50437774   0.55417447   0.44671022   0.33573690   0.25678049   0.00432909   0.05213806   0.13452449   0.17207321   0.11375253   0.29837218   0.39855000   0.29103687   0.35737814   0.44682057  -0.01377092  -0.00659727   0.10778875   0.08237527   0.03910560   0.00823631   0.15642222   0.08887444   0.13871929   0.02649551   0.11290225   0.26290834   0.39336345   0.41018433   0.26622469   0.07578911   0.01235447   0.00392673   0.37596100   0.12303495   0.15227169   0.22490040   0.28343710   0.23906052   0.30085229   0.30987102   0.18863226   0.60767538   0.39505057   0.26872423   0.19977389   0.30087470   0.25033523   0.01125811   0.06742658   0.12762415   0.19499186   0.10133053   0.27508280   0.02303239   0.12398069   0.21167974   0.08337432   0.04492865   0.14389157   0.35859131   0.20057896
 0.55331304   0.53498419   0.44705858   0.82926550   0.68696170   0.00000000   0.19130207   0.34634415   0.10321081   0.29795492   0.27170212   0.76426739   0.09345883   0.26061051   0.10745844   0.00564542   0.41687470   0.29998161   0.30534256   0.31587069   0.01059308   0.09491503   0.00395210   0.08771835   0.17436546  -0.04458714   0.02213810   0.20242916   0.23903772   0.69308736   0.55974446   0.57104114   0.54640024   0.52548293   0.18766884   0.22987755   0.26738401   0.64023448   0.37607089   0.14201506   0.08307916   0.00969672   0.11923252   0.37677899   0.18582197   0.25613492   0.17202572   0.27941377   0.02417407   0.07437053   0.01634583   0.07696403   0.07926446   0.12098789   0.08723580   0.03656032   0.53901341   0.21673165   0.28118378   0.14805661   0.34313508   0.13955245   0.00042827   0.09894226   0.27436907  -0.03165120   0.24236552   0.09196494   0.17175443   0.10332067   0.21452465   0.29758882   0.43959434   0.16749328  -0.06630673   0.08817310  -0.01280611   0.08167189   0.27153349  -0.09133785   0.04025237   0.02777395   0.07146755  -0.03121835  -0.00640607   0.12382774  -0.02428625   0.00761708   0.17293276   0.05369365   0.20707454   0.02674104   0.19396312   0.02112092   0.06538145   0.12951158   0.03802717  -0.00439163   0.02967324   0.03419367   0.43855521   0.74005025   0.57325987   0.63449744   0.78094760   0.86495364   0.35450796   0.22692400   0.42979900   0.26918974   0.41966562   0.77803705   0.28981726   0.26328737   0.07269987   0.20975786   0.44380278   0.38270659   0.44028904   0.34728999   0.54921381   0.34591406   0.43767586  -0.00330501   0.11692011  -0.05378126  -0.09050632   0.05129974   0.17107566   0.05063285   0.54958655   0.25511116   0.57235521   0.48632518   0.51411375   0.63264453   0.15284416   0.20623245   0.44452119   0.59346753   0.43739310   0.27854141   0.23330443   0.00461525   0.08246664   0.15426222   0.16713867   0.11298376   0.25069437   0.46457701   0.27936261   0.30256229   0.43568337   0.01692739  -0.01259059   0.08313455   0.10696622   0.01996668  -0.04125963   0.13385344   0.10000866   0.12828962  -0.00948226   0.12678638   0.19871420   0.33597740   0.24114535   0.24370148   0.04884657  -0.00458118  -0.04418055   0.30601721   0.11378378   0.17437132   0.16106649   0.22826823   0.19232590   0.29919554   0.32605500   0.10982164   0.59242649   0.33370634   0.22297442   0.08515845   0.20076772   0.12856958  -0.00959354   0.04548879   0.10650658   0.16644570   0.12745395   0.28419916   0.04880001  -0.03845068   0.08520247   0.00110121   0.11331096   0.22066581   0.38866851   0.13249515
 0.38165146  -0.02840543   0.21536899   0.07260964   0.22831114   0.19130207   0.00000000   0.35383769   0.26218844   0.32962830   0.36705475   0.31753706   0.21934281   0.35771570   0.29665093   0.22303685   0.23038532   0.23765793   0.29442638   0.25317880   0.26119602   0.33310271   0.27684997   0.32708721   0.22335459   0.25616918   0.31737922   0.35202353   0.35909163   0.21732644   0.31857328   0.11832413   0.16596840   0.21301651   0.33964145   0.19078723   0.16776790   0.18742617   0.26010327   0.31376833   0.24307643   0.15081203   0.21782715   0.28663208   0.25399529   0.25719817   0.13931990   0.13203109   0.11670805   0.12754242   0.15356542   0.05511184   0.05399794   0.07301689   0.15255693   0.16233250   0.27903513  -0.03230979   0.19010976  -0.02777671   0.18525702   0.18229437   0.17032790   0.24372277   0.23389306   0.04451640   0.15376336   0.09511836   0.11939244   0.13513673   0.01845234   0.17825593   0.09655167   0.04041849   0.01390761   0.06385443   0.11302628   0.05910100   0.03148149   0.04316658   0.06097315   0.12067132   0.11610710   0.02676625   0.16347921   0.21286199  -0.00150952   0.12588945   0.15606296   0.06899610   0.17037127   0.17829689   0.17694706   0.07774852   0.09623890   0.04041869   0.29012288   0.18934508   0.20403546   0.14435753   0.42719719   0.26339467   0.10263264  -0.00061799   0.24223508   0.21598569   0.29808249   0.29024478   0.24239029   0.32575035   0.37068256   0.27372871   0.31644411   0.34158070   0.26980416   0.28596154   0.26177315   0.27126114   0.30196778   0.22652185   0.26496400   0.23563943   0.25356767   0.29162779   0.30717078   0.21662713   0.24814554   0.27485492   0.34600005   0.31456170   0.33797409   0.32250180   0.13178554   0.07933022   0.11404133   0.13648390   0.32768885   0.27117992   0.08129529   0.18122959   0.22399945   0.31154344   0.27837846   0.16632715   0.29128650   0.26765802   0.26525922   0.17679988   0.22166905   0.30085234   0.06935753   0.17513730   0.08880903   0.06676265   0.00563390   0.09313441  -0.02329767   0.17006698   0.08577863   0.11315539   0.18419380   0.09385881   0.11339908   0.27531130   0.02965634   0.15191409   0.14688501   0.19159702   0.28554160   0.04778898   0.10048189   0.08440333   0.02907398   0.01299571   0.21961663   0.14711145   0.18041345   0.06173550   0.20864281   0.09592088   0.15472096   0.07998713   0.05776985   0.16115838   0.08748250   0.09562568   0.03085861   0.05639347   0.16026600   0.20092313   0.23877395   0.15360465   0.14769276   0.09053397   0.32162915   0.24981453   0.26534589   0.14726466   0.23004227   0.26443815
 0.59232848  -0.01986204   0.45661926   0.17617305   0.23696475   0.34634415   0.35383769   0.00000000   0.29675882   0.55968598   0.56229041   0.60329000   0.36070103   0.51243654   0.44450069   0.28450512   0.41890316   0.39602908   0.45643112   0.42220322   0.31535603   0.44652752   0.36785449   0.44684947   0.30650880   0.30966123   0.40577923   0.52218810   0.37211392   0.36093260   0.47103349   0.08232058   0.18335317   0.22081360   0.38670244   0.31161308   0.28541517   0.23993848   0.43736249   0.32498945   0.33499247   0.16495810   0.28871102   0.43190840   0.41149545   0.41422291   0.14345482   0.19979728   0.16609031   0.18919427   0.17983178   0.05647534   0.07629765   0.09231631   0.18388670   0.20716521   0.39430892  -0.00557340   0.17552822  -0.05193977   0.26490660   0.22129517   0.19867212   0.17841161   0.30361129   0.04241522   0.25138987   0.08987932   0.19822760   0.19846964   0.06442366   0.18029990   0.03904125   0.07435266   0.00497166   0.07617509   0.12870152   0.11697349   0.01074774   0.03590135   0.06506334   0.13556044   0.19416687   0.07922719   0.18520988   0.29880226   0.05877802   0.14491182   0.23458470   0.13542000   0.25485097   0.22837492   0.22911211   0.11779373   0.17425497  -0.03710770   0.30829548   0.13483629   0.28586813   0.16997091   0.58182662   0.43187610   0.22724629   0.04850357   0.35715000   0.41923868   0.52856497   0.43959829   0.47816279   0.53179115   0.59451802   0.47898100   0.51213171   0.54350899   0.40206110   0.47782571   0.35739959   0.49039021   0.50812486   0.31668376   0.42408431   0.31521247   0.41520058   0.39995488   0.44550477   0.26643683   0.29820690   0.36050564   0.47420625   0.42578589   0.42538651   0.44717399   0.08857139   0.01778316   0.12620825   0.16390211   0.33686473   0.35957185   0.03069201   0.27091195   0.37147973   0.37236534   0.34530335   0.19336340   0.36977933   0.34658233   0.37150309   0.28071478   0.33269086   0.51783836   0.14378612   0.20995831   0.19488967   0.12668231   0.04171065   0.16729178   0.01419149   0.18349937   0.04507897   0.15488802   0.24691420   0.13433388   0.10096622   0.27617279   0.01774650   0.19294222   0.13478198   0.22115791   0.28585637   0.07445972   0.10391647   0.15496610   0.07040255   0.06264290   0.26739427   0.18833796   0.23422436   0.16077615   0.30947559   0.11924971   0.17930331   0.05230933   0.12811963   0.18192383   0.10710071   0.06767541   0.01366223   0.08258070   0.17570001   0.29146873   0.26427952   0.24000742   0.19025739   0.04174056   0.33358867   0.15055478   0.29684440   0.21676906   0.37016580   0.28402106
 0.25560189  -0.05197235   0.18845616   0.02172680   0.13503404   0.10321081   0.26218844   0.29675882   0.00000000   0.30833193   0.32205498   0.25140009   0.19525637   0.30255125   0.25708699   0.20811551   0.16174379   0.21059639   0.25439768   0.19879665   0.16136756   0.26559533   0.21368341   0.24477512   0.13617102   0.19153947   0.25013361   0.29100047   0.23396641   0.14929492   0.27470841   0.03253738   0.12928373   0.13931345   0.26046917   0.15799865   0.15130380   0.13887708   0.22526543   0.22686428   0.18799235   0.08271579   0.13986304   0.24916389   0.23408740   0.25219839   0.07316344   0.12941776   0.10514806   0.09838398   0.16293701   0.04099671   0.05555699   0.06156746   0.10143748   0.10984037   0.21110530  -0.03746759   0.13327180  -0.03071330   0.19664338   0.13975272   0.12207018   0.17829648   0.18859843   0.05452289   0.13793461   0.08178610   0.13161319   0.07433992   0.00370098   0.18194890   0.08139413   0.02921909   0.04867167   0.10185043   0.13284206   0.08104549   0.05348336   0.06868836   0.07997537   0.07752375   0.09987558   0.03675708   0.11294889   0.15938143  -0.00492093   0.12239346   0.13874830   0.05906686   0.15634888   0.12640256   0.12954207   0.02728379   0.06363195   0.07868187   0.30990974   0.14224140   0.17307064   0.14425469   0.29600050   0.17351190   0.07408141  -0.02062149   0.15094041   0.15316601   0.24027146   0.24749041   0.21478755   0.30244319   0.30040218   0.21220430   0.27958042   0.28199160   0.22844865   0.26922841   0.18368159   0.24124218   0.25132790   0.19650871   0.23205457   0.19775451   0.19986063   0.23821466   0.24763078   0.17422492   0.18027742   0.23119647   0.26040251   0.24807394   0.24594868   0.28638091   0.06232447   0.07121420   0.06355689   0.08715135   0.21479306   0.21751449   0.07364680   0.12869227   0.20512463   0.21437810   0.20127729   0.13152156   0.23601927   0.19385806   0.22181899   0.15417815   0.18225333   0.26745166   0.03817169   0.09183367   0.06908880   0.08089899   0.03901288   0.11225868  -0.04974589   0.11918042   0.07957351   0.09786662   0.13943218   0.05856200   0.08602947   0.18621183   0.03563802   0.09904810   0.15967838   0.12438859   0.21987694   0.05151444   0.10917801   0.08772361   0.03390008   0.01742558   0.18074471   0.14609703   0.14854777   0.05248204   0.17768213   0.12014627   0.12545613   0.08825756   0.05606953   0.17015487   0.12127245   0.10895045   0.02792398   0.02281207   0.14612698   0.19096654   0.17006946   0.13730448   0.09717116   0.12264023   0.30023705   0.18249201   0.19630886   0.14870871   0.19550738   0.19802594
 0.49054874   0.10276874   0.50920180   0.20773004   0.26369583   0.29795492   0.32962830   0.55968598   0.30833193   0.00000000   0.52837832   0.54825961   0.37016258   0.44859541   0.38724322   0.24495964   0.40423371   0.40688521   0.43375130   0.42200418   0.26754648   0.42224949   0.33775680   0.41339997   0.26140336   0.27369080   0.33779296   0.47758885   0.37451581   0.33856899   0.47606289   0.11956295   0.22593308   0.25683543   0.34885051   0.28855699   0.27553276   0.29111215   0.44043784   0.34580043   0.32515812   0.13835167   0.30149698   0.44460602   0.43315087   0.41085927   0.16955169   0.26005206   0.18559604   0.22066335   0.24498949   0.09013392   0.07515176   0.07715755   0.16603569   0.19671488   0.37295524   0.07335778   0.21915123   0.00886596   0.33365398   0.26484288   0.21253856   0.20298686   0.33988129   0.08012571   0.30118858   0.15244876   0.23744446   0.19467344   0.10550584   0.30455674   0.13909120   0.12612868   0.10727192   0.17585446   0.19693682   0.17226540   0.10723566   0.05731868   0.16761094   0.19438275   0.14431773   0.08861508   0.13415464   0.29059340   0.05909974   0.17765778   0.24982551   0.17194365   0.25481505   0.21508623   0.24969533   0.08569330   0.14865917   0.08233049   0.40197049   0.14628914   0.23261680   0.23839786   0.48215314   0.38639961   0.31654479   0.14171683   0.35097724   0.39443216   0.46408833   0.45786573   0.60412201   0.59477536   0.55514487   0.45572207   0.45323057   0.50055631   0.38538051   0.43069476   0.34388447   0.48076167   0.48525375   0.36161645   0.43156057   0.32559098   0.43760593   0.38019508   0.39343533   0.24490023   0.27220047   0.36428920   0.44640855   0.37890751   0.41767542   0.43125208   0.13675941   0.10418948   0.14609366   0.22553793   0.32057418   0.33922344   0.12775082   0.31348496   0.38008315   0.39956671   0.32691699   0.21015921   0.35147494   0.35728145   0.42711434   0.25570837   0.37774909   0.54272756   0.16471375   0.26676794   0.24860285   0.12977934   0.06689458   0.22853672   0.00102280   0.18168380   0.07519233   0.21362706   0.23235922   0.13870000   0.09575147   0.26534076   0.13623554   0.23168563   0.21213838   0.24694908   0.27586280   0.10935965   0.16767987   0.23328147   0.14847702   0.11132454   0.32057746   0.26665341   0.26407975   0.22378465   0.31860412   0.19915721   0.25447698   0.15556863   0.18676654   0.25451035   0.20038046   0.19770942   0.03216491   0.10132055   0.23699753   0.33281627   0.25091882   0.26271065   0.18492578   0.15626045   0.42483784   0.19135013   0.24721528   0.21492636   0.38198189   0.32130947
 0.51535736  -0.07056216   0.27328365   0.13347275   0.17759750   0.27170212   0.36705475   0.56229041   0.32205498   0.52837832   0.00000000   0.58950916   0.41122173   0.63961514   0.60112280   0.45012247   0.41926122   0.44608139   0.51321089   0.47149732   0.38780265   0.51047872   0.44324210   0.51197490   0.28661595   0.42602311   0.51539903   0.64756889   0.31330172   0.30610149   0.48160022  -0.00382137   0.13055864   0.14435255   0.47481306   0.35936625   0.32514051   0.21547144   0.38184641   0.31962328   0.33012504   0.17583962   0.25604027   0.39934659   0.38075951   0.44623233   0.04421606   0.16989682   0.12220700   0.14645240   0.20836358   0.05448699   0.06239962   0.04574911   0.17022760   0.24921137   0.38306478  -0.11979434   0.11771132  -0.11057217   0.25207604   0.11300794   0.14864336   0.15107375   0.24457563   0.01732973   0.14838870   0.03099376   0.09552537   0.11016095   0.01455124   0.19155289   0.03789543   0.00705091   0.05204592   0.10023617   0.22283027   0.09106330  -0.00343653   0.08706235   0.12695305   0.16434781   0.19258914   0.06689208   0.19771890   0.32782159   0.04116044   0.23648296   0.22718550   0.06556222   0.25307820   0.24214841   0.16289295   0.08981129   0.16420868   0.01829436   0.38993617   0.13092360   0.36961147   0.21771884   0.54813225   0.44191753   0.11045362   0.00694982   0.32190062   0.36021270   0.52206165   0.44240725   0.37771343   0.58909447   0.69142046   0.48876886   0.64243019   0.64154252   0.46458013   0.61033787   0.34563287   0.56079760   0.57434014   0.36903839   0.46332593   0.40997672   0.45749026   0.47144516   0.55542950   0.37013445   0.39993106   0.45669316   0.56091582   0.54238497   0.39817275   0.54498758   0.02389128   0.00507541   0.03327201   0.09559672   0.41387835   0.44355825   0.00787759   0.27302095   0.33637028   0.36007803   0.31526033   0.23839789   0.45890191   0.38715029   0.36651207   0.26474249   0.31572032   0.51173065   0.03133733   0.10677620   0.10849401   0.10030289   0.04695087   0.12608777  -0.03931964   0.17923962   0.09588665   0.21429073   0.24390788   0.13108037   0.09223594   0.30157146  -0.03996285   0.11313674   0.11857138   0.15317349   0.30517411   0.09964649   0.16911254   0.05215406   0.02676944  -0.02303484   0.22093652   0.11628545   0.15915687   0.09177174   0.25280478   0.13374145   0.15767297   0.06457258   0.06483452   0.17682680   0.12036634   0.11110484   0.02349132   0.06816008   0.24400168   0.29221751   0.30982714   0.21616544   0.22153901   0.10548139   0.40984901   0.21989446   0.38214628   0.27249667   0.36096619   0.32904163
 0.67208412   0.32633838   0.56418770   0.59765939   0.54926363   0.76426739   0.31753706   0.60329000   0.25140009   0.54825961   0.58950916   0.00000000   0.33075545   0.51777224   0.39716913   0.22262741   0.55849742   0.49493645   0.55933635   0.51702711   0.22610093   0.36503215   0.26251876   0.38226015   0.29302360   0.21041240   0.31337763   0.50561209   0.35695371   0.59383673   0.68987085   0.36082625   0.48780157   0.47629153   0.39148113   0.36574041   0.38705585   0.62556899   0.52284567   0.31580022   0.27734397   0.10309625   0.30427426   0.56295512   0.39982310   0.48875629   0.21871997   0.40348166   0.11380257   0.19167531   0.15688278   0.09624564   0.11768164   0.13669470   0.18599894   0.16860735   0.54746574   0.15742121   0.28999891   0.06228956   0.46258778   0.25271501   0.10914747   0.17749821   0.33880597   0.00922896   0.34976145   0.19627117   0.27948441   0.21187707   0.24643184   0.39189641   0.39106846   0.18242284   0.06723240   0.19992721   0.16111659   0.18103717   0.29008373  -0.01508235   0.15533968   0.14552451   0.17344420   0.05451421   0.11493090   0.31125040   0.08238862   0.19766574   0.35666538   0.15945860   0.37521162   0.20462684   0.28463903   0.10968643   0.17640436   0.16828333   0.27324607   0.05970006   0.20137538   0.21383573   0.61519750   0.70423722   0.50766106   0.42024517   0.67643945   0.83761223   0.57447358   0.43486842   0.59761247   0.54368246   0.71859124   0.86134347   0.55810266   0.56137455   0.33141950   0.49873447   0.47615099   0.61793661   0.65390343   0.47895632   0.68928115   0.49089759   0.60268228   0.27596046   0.38001565   0.16430960   0.15127255   0.31792879   0.46377326   0.35773689   0.60469402   0.50914526   0.37229718   0.36959511   0.35208952   0.52310267   0.32225874   0.40697999   0.37665282   0.60384144   0.51744626   0.43844453   0.31360390   0.14861426   0.31778798   0.34590247   0.38036178   0.26489838   0.42317292   0.70132710   0.30925533   0.31978444   0.45658312   0.07820495   0.03099303   0.21153571   0.05834570   0.11964854   0.03793683   0.28471478   0.23978995   0.17697527   0.07133822   0.24232878   0.21238756   0.33600180   0.28246640   0.27083012   0.20143735   0.06666618   0.09203843   0.31051259   0.19940414   0.17629451   0.32487156   0.31525342   0.29656505   0.35500655   0.48819550   0.23382071   0.54999671   0.34142988   0.27237667   0.25192512   0.29538911   0.21727347   0.00820372   0.09790555   0.25453129   0.34543730   0.28087923   0.41889834   0.18154952   0.11418407   0.32383383   0.09789818   0.28719648   0.29150811   0.49890820   0.32473512
 0.30667258  -0.05461950   0.21140992   0.01987170   0.04256191   0.09345883   0.21934281   0.36070103   0.19525637   0.37016258   0.41122173   0.33075545   0.00000000   0.46230226   0.44827577   0.35023833   0.32198599   0.35376450   0.41812165   0.38379837   0.31571996   0.39388369   0.38107160   0.42468283   0.23955713   0.35465567   0.43243096   0.49924673   0.26191777   0.14179667   0.27787124  -0.01561754   0.05924148   0.06264757   0.35401315   0.26079523   0.25009719   0.11538482   0.31378939   0.26876691   0.29646221   0.15869043   0.22227293   0.29586384   0.34583726   0.38820536   0.04822784   0.10687530   0.11547645   0.14677204   0.18059255   0.04478662   0.08817950   0.05639725   0.14602808   0.18523066   0.23818311  -0.08535582   0.08211716  -0.07562839   0.17838482   0.12865985   0.15628409   0.12525416   0.20383157   0.02757665   0.14246258   0.00909491   0.10378478   0.12404409   0.00454756   0.06028699  -0.02553215  -0.00300157   0.00715456   0.03686121   0.11235038   0.07521351  -0.03496144   0.03983918   0.05769934   0.10882155   0.17005035   0.05339638   0.14675601   0.23409802   0.02651337   0.17166002   0.18526465   0.08394573   0.19188627   0.22078700   0.17109367   0.09108258   0.14419048  -0.03777325   0.25756812   0.07880997   0.24975996   0.12282904   0.34163604   0.23040644   0.03934738  -0.04046459   0.15084233   0.16071006   0.31448924   0.30461515   0.25786630   0.39532120   0.40658309   0.24832767   0.45126732   0.46787029   0.41302716   0.43969973   0.25662580   0.43461005   0.42155367   0.28620718   0.30866775   0.31505966   0.33610362   0.38983446   0.39220772   0.29190165   0.33822753   0.40213099   0.45104381   0.44247309   0.26414834   0.33797840  -0.02023540  -0.05876045   0.00423192   0.03120399   0.34002750   0.32566463  -0.04272400   0.18168951   0.22863957   0.30445442   0.23779137   0.20093049   0.35007053   0.30312887   0.31943306   0.23207983   0.25045985   0.42635614   0.03385410   0.10856596   0.05903340   0.09832888   0.04055533   0.13088838  -0.04527594   0.14864778   0.05599736   0.10170441   0.17414649   0.10242153   0.07535472   0.23917244  -0.03296072   0.08964637   0.03449136   0.13593380   0.24985820   0.06944511   0.12752506   0.04864907  -0.01021327  -0.01199483   0.14825332   0.08149655   0.12721943   0.04683503   0.20796597   0.06182392   0.02852775  -0.01793333   0.04303152   0.09691472   0.04039795   0.02706673   0.01602302   0.08355138   0.17768705   0.21129077   0.23254666   0.16452257   0.17740686   0.04605336   0.27300212   0.12720892   0.28134736   0.18166834   0.25164866   0.21821895
 0.47567795  -0.02792413   0.24636639   0.15743558   0.16844254   0.26061051   0.35771570   0.51243654   0.30255125   0.44859541   0.63961514   0.51777224   0.46230226   0.00000000   0.85317689   0.68564520   0.53741311   0.60925492   0.71829821   0.61927487   0.41174758   0.52447148   0.49159719   0.52194236   0.20952405   0.49558311   0.66619397   0.77629408   0.40688383   0.35748851   0.48440578   0.11474910   0.20433861   0.25108335   0.65042788   0.52304675   0.43292064   0.28255038   0.46667920   0.28946465   0.29490261   0.12899070   0.16616477   0.39023010   0.36938380   0.52428523   0.02592154   0.14110698   0.08816560   0.11542668   0.20415907   0.03975783   0.07056761   0.08045058   0.20191266   0.24113317   0.44078587  -0.07632732   0.23253574  -0.09560075   0.27595178   0.16559632   0.20410244   0.21458260   0.34900480   0.03152996   0.23579721   0.06545578   0.18318975   0.18868563   0.01758943   0.13028225   0.04456612   0.00354522   0.03824147   0.12909662   0.19762245   0.08456882  -0.03165890   0.05993812   0.10931983   0.15381422   0.22097387   0.08973241   0.17519305   0.33135148  -0.01573740   0.23824645   0.25407431   0.05609078   0.31658858   0.22368486   0.22412236   0.08545194   0.15368261  -0.01405482   0.37282045   0.11604406   0.36244569   0.17791252   0.53972914   0.48156096   0.10881875   0.04823735   0.32382885   0.33088835   0.47752949   0.40928892   0.31732093   0.55199890   0.62485627   0.44024987   0.87301365   0.70939651   0.54916350   0.81976554   0.53862346   0.75817783   0.75826097   0.51556939   0.57365009   0.61492877   0.60667717   0.50983249   0.57039474   0.39752710   0.43604627   0.44318732   0.62806702   0.68103027   0.48714516   0.57589761   0.09736416   0.03725408   0.15213551   0.20122050   0.54516650   0.55676980   0.01556151   0.33744308   0.38056605   0.29892087   0.44215451   0.21635619   0.46056901   0.31444717   0.34967349   0.25345006   0.27146610   0.59460053   0.01926934   0.17572137   0.08551650   0.07491985  -0.01411401   0.12427637  -0.04090865   0.19594144   0.13129959   0.17284475   0.25686780   0.17079442   0.10679438   0.32281474   0.02848101   0.20048689   0.14386777   0.20352228   0.34409402   0.08377810   0.18542641   0.15116477   0.03543064   0.06076594   0.26343993   0.18482513   0.24100812   0.10390444   0.30188287   0.16170182   0.12000025   0.06371446   0.04911599   0.13842247   0.13570228   0.05945733   0.02228917   0.07676983   0.27229735   0.31207322   0.33408145   0.23842651   0.23103122   0.09361977   0.38568486   0.19445722   0.42796131   0.30565577   0.41587635   0.25497659
 0.36794550  -0.11283574   0.14792038   0.03525821  -0.00054606   0.10745844   0.29665093   0.44450069   0.25708699   0.38724322   0.60112280   0.39716913   0.44827577   0.85317689   0.00000000   0.74779247   0.47054654   0.52107513   0.65091619   0.58182881   0.42946880   0.49330566   0.49445252   0.50296700   0.15986673   0.50746851   0.65967331   0.73868696   0.29738264   0.20681452   0.35425467  -0.03816465   0.06668725   0.07184332   0.50589926   0.46865910   0.35036027   0.09505210   0.32285582   0.17643215   0.27842773   0.12168268   0.12324412   0.29734015   0.28932953   0.44854134  -0.05999601   0.05735397   0.07663348   0.07886165   0.20025795   0.03128600   0.05030959   0.06835428   0.16989768   0.23672827   0.27544864  -0.10333636   0.10229127  -0.13740308   0.13760538   0.10478501   0.20066037   0.12852299   0.21971927   0.05201758   0.15992525   0.04823405   0.11982854   0.18683557  -0.00669462   0.05675619  -0.07839581  -0.04932453   0.09291798   0.11603919   0.20939233   0.08193985  -0.06310087   0.08383858   0.10826110   0.16090141   0.18539919   0.13146865   0.18402486   0.32396556   0.03150180   0.24325424   0.21864932   0.07118701   0.26109331   0.22330084   0.15076106   0.12069260   0.16702670  -0.02951838   0.33708573   0.10885413   0.35945455   0.18598082   0.43520834   0.34060327   0.01407218  -0.05944746   0.16968447   0.19843324   0.41874172   0.34829512   0.22901515   0.49119122   0.55892702   0.31759879   0.81085319   0.66525104   0.53710801   0.81217178   0.36667505   0.69200221   0.68240652   0.42310280   0.46551611   0.57886651   0.53460452   0.52011671   0.54334332   0.43797047   0.47048215   0.42906900   0.57779376   0.67688836   0.31683020   0.50676849  -0.04854576  -0.08925222  -0.01347406   0.03290967   0.39993275   0.48696153  -0.10836269   0.16585179   0.24784322   0.17936882   0.32690980   0.21262592   0.41947325   0.24662676   0.27522694   0.20944475   0.20612481   0.45833496  -0.04399287   0.08087697  -0.01685446   0.08316401  -0.01567611   0.09626288  -0.05009331   0.16120232   0.15771950   0.16327850   0.21069849   0.13549689   0.10242904   0.27135416  -0.01634372   0.07053372   0.04319260   0.12953567   0.30260947   0.09192365   0.19889564   0.06377263   0.04408132   0.04096690   0.21326396   0.13252553   0.19525855   0.04625532   0.21641693   0.15094613  -0.00285316  -0.01095748  -0.00714533   0.11852020   0.09687137   0.04194286   0.02417006   0.07298872   0.25079205   0.26759481   0.27284820   0.18865585   0.23471898   0.10909062   0.34160804   0.18430842   0.39691899   0.25136916   0.30175809   0.19992583
 0.19645155  -0.10359489   0.04195763  -0.01848100  -0.08328404   0.00564542   0.22303685   0.28450512   0.20811551   0.24495964   0.45012247   0.22262741   0.35023833   0.68564520   0.74779247   0.00000000   0.31337343   0.42180739   0.54175597   0.44520184   0.35612573   0.39385528   0.42490166   0.40034517   0.07891237   0.46893017   0.58526896   0.59579231   0.22275852   0.10684757   0.20436861  -0.08141177   0.01181740  -0.01168412   0.41276095   0.38691990   0.25413158  -0.00893054   0.18971107   0.07463588   0.21473700   0.09655214   0.03563710   0.15683728   0.17555555   0.33310639  -0.14695265  -0.03837354   0.03743741   0.02663236   0.18727729   0.03335399   0.03150285   0.04040631   0.12683931   0.18198241   0.13926837  -0.10156209   0.05124006  -0.14624304   0.01605269   0.07149528   0.19867387   0.09042453   0.16284118   0.06088417   0.08763227   0.01352120   0.06952905   0.16158311  -0.04773618  -0.02467985  -0.12943318  -0.08171851   0.09778827   0.09486353   0.20310610   0.03354787  -0.07946614   0.10434006   0.09557739   0.11753649   0.16568304   0.13832454   0.18369971   0.25968008   0.00473790   0.22110286   0.16700138   0.05536625   0.20194306   0.19846041   0.12086069   0.12544302   0.15247313  -0.04505959   0.26921921   0.11317240   0.32228654   0.14742571   0.28650659   0.21677693  -0.03708703  -0.07159134   0.06348546   0.07691197   0.26297175   0.21385816   0.08919517   0.34243051   0.38000919   0.16309122   0.64371402   0.51109896   0.44473754   0.67291198   0.27139819   0.55257469   0.51682117   0.32032832   0.32517127   0.49034124   0.38312641   0.41340831   0.44072624   0.37752729   0.40795247   0.32347979   0.45227437   0.57783043   0.19062664   0.40017386  -0.07348517  -0.12112470  -0.07075697  -0.02583699   0.32033322   0.38176680  -0.15791340   0.06249719   0.11976986   0.04449223   0.27113786   0.14854786   0.32717328   0.14940079   0.15652587   0.12886922   0.07585893   0.28921889  -0.12077055   0.01375562  -0.11038554   0.05441729  -0.01863760   0.03879431  -0.06266340   0.13668061   0.15482486   0.09915789   0.16411358   0.09510063   0.08130798   0.22390448  -0.02866189   0.00116540  -0.01391840   0.06534375   0.27089622   0.04495622   0.16506652   0.00063252   0.01121765   0.01815057   0.16059916   0.08878697   0.15688721  -0.03146685   0.12889022   0.12306306  -0.08070646  -0.05713975  -0.04596769   0.06088155   0.04228017   0.02764857   0.03217748   0.03590725   0.22658189   0.18749701   0.23636260   0.11094770   0.21493880   0.10114100   0.25902015   0.16386051   0.35085192   0.21442135   0.17985673   0.11016409
 0.41885401   0.18296242   0.38676541   0.34738918   0.32465005   0.41687470   0.23038532   0.41890316   0.16174379   0.40423371   0.41926122   0.55849742   0.32198599   0.53741311   0.47054654   0.31337343   0.00000000   0.52090398   0.51370222   0.60169274   0.17356742   0.29349265   0.24919947   0.31295013   0.16053366   0.21685290   0.31953389   0.49848699   0.29453293   0.42373929   0.51387806   0.23609525   0.31104378   0.31183317   0.33321232   0.35627488   0.40209133   0.43891983   0.47578453   0.22828678   0.19887615   0.07257512   0.15170595   0.41044564   0.33432292   0.42938633   0.09130809   0.25497672   0.06419354   0.14276564   0.16263454   0.07649373   0.08986829   0.12941750   0.14926186   0.16409319   0.42370290   0.09094025   0.19763534   0.01038749   0.37997120   0.16146793   0.09851079   0.10786682   0.30817714   0.01597741   0.30476505   0.08272548   0.22330765   0.15910652   0.11798787   0.24304727   0.18346619   0.09391768   0.07087679   0.16925073   0.14951035   0.14449819   0.10864413   0.02809180   0.13741509   0.12550607   0.13012609   0.06254035   0.04933776   0.21456558   0.01657776   0.14876548   0.22246473   0.11445224   0.27444666   0.12922179   0.23075505   0.05351648   0.11278717   0.09570954   0.27528732   0.06677114   0.14470577   0.16434303   0.38291879   0.48383043   0.34222676   0.26590042   0.44214535   0.50118901   0.40340398   0.33112522   0.45284487   0.42736902   0.48987109   0.53940333   0.52025273   0.50660760   0.35002786   0.50378878   0.44758044   0.62733891   0.64301300   0.50669117   0.54026627   0.44685142   0.57170413   0.26918866   0.33358451   0.18185511   0.18348436   0.29779464   0.40410661   0.37826013   0.43818513   0.43253649   0.23957489   0.16993642   0.23904288   0.32396597   0.28102382   0.33403914   0.16150873   0.50053049   0.44144302   0.31300040   0.31029732   0.14162844   0.27542765   0.25110369   0.33367304   0.22072003   0.32659955   0.60944397   0.13810001   0.22924342   0.25902668   0.05301674   0.00510922   0.15616240   0.03254886   0.11110727   0.06666332   0.17159140   0.19687994   0.14576452   0.06299040   0.20089951   0.12092767   0.21577576   0.20763167   0.18309961   0.17338287   0.06221929   0.12726440   0.28482290   0.08392509   0.09784189   0.21491345   0.22472249   0.24880847   0.19998386   0.29021019   0.16895518   0.29102661   0.16991407   0.15010247   0.13463422   0.19962486   0.15031814  -0.00014367   0.09847537   0.22075795   0.29687922   0.21051416   0.24621363   0.12751330   0.10400266   0.31234273   0.09992945   0.22186435   0.24181006   0.43456984   0.17571894
 0.37490683   0.13982947   0.32243465   0.24070676   0.24814918   0.29998161   0.23765793   0.39602908   0.21059639   0.40688521   0.44608139   0.49493645   0.35376450   0.60925492   0.52107513   0.42180739   0.52090398   0.00000000   0.58032861   0.55064478   0.20786721   0.32776730   0.29358701   0.35733373   0.14927567   0.27580821   0.38418252   0.53020243   0.30536839   0.34012510   0.49015547   0.18138794   0.28054916   0.29198231   0.43557665   0.38194056   0.42227171   0.39538449   0.51281319   0.27013063   0.23658354   0.08877794   0.19186105   0.41820943   0.36781983   0.49383740   0.08103175   0.26634066   0.07448373   0.14659180   0.19046334   0.06416455   0.07832700   0.10670274   0.17428521   0.16016364   0.37750397   0.06492916   0.22100109   0.00739193   0.43846437   0.18180418   0.12804247   0.16206953   0.31876827   0.04303040   0.30008655   0.11314359   0.23869481   0.16481264   0.10840340   0.26900021   0.19652268   0.10306766   0.10744132   0.23061715   0.21208070   0.15054302   0.13283953   0.05305504   0.17398232   0.14437874   0.13926476   0.07789041   0.07533740   0.21955551   0.00369191   0.20269397   0.25255721   0.11421031   0.30674988   0.12748434   0.22634022   0.03828878   0.07653440   0.14353181   0.33824707   0.07524778   0.16839304   0.21810200   0.37653207   0.40917786   0.27002486   0.19984386   0.35706857   0.39333194   0.39784160   0.32860994   0.39302365   0.42909265   0.48823707   0.45723919   0.56102112   0.50893392   0.39343523   0.54036501   0.42677485   0.63922501   0.62607118   0.53515164   0.51976740   0.50085027   0.55721363   0.31288679   0.34750172   0.21994767   0.21280477   0.34558498   0.42958477   0.41918046   0.40936818   0.47812784   0.18511334   0.16697813   0.18938810   0.28821609   0.35629597   0.42281876   0.17026346   0.44980647   0.43470379   0.32154881   0.32496127   0.17246114   0.33102624   0.28144137   0.36086181   0.22853882   0.33266203   0.61496945   0.10199867   0.21006371   0.23015706   0.08324150   0.02634153   0.16518394   0.01853312   0.13812167   0.08592362   0.21271763   0.19733796   0.14842484   0.08255641   0.21802534   0.14325187   0.23251802   0.24966748   0.18752510   0.21671589   0.07510730   0.18523415   0.27093069   0.08977305   0.10116659   0.24225462   0.23256347   0.24344386   0.18591599   0.31020272   0.21047035   0.28245293   0.18677547   0.15767872   0.17708004   0.24699611   0.18263357   0.01820728   0.11411571   0.27244646   0.30569917   0.25088485   0.25868847   0.13636538   0.17001898   0.38120527   0.12673385   0.26091084   0.24816179   0.41692660   0.20869024
 0.39011552   0.16194306   0.35205222   0.24613092   0.23538798   0.30534256   0.29442638   0.45643112   0.25439768   0.43375130   0.51321089   0.55933635   0.41812165   0.71829821   0.65091619   0.54175597   0.51370222   0.58032861   0.00000000   0.61554666   0.28226945   0.40645306   0.40135021   0.41862522   0.15401010   0.37575121   0.54597055   0.61801000   0.39107717   0.33571747   0.50524078   0.21786273   0.36813349   0.39511795   0.50079453   0.45247779   0.36230305   0.44694148   0.42579468   0.22495319   0.24202140   0.07927762   0.15874329   0.44835126   0.32539418   0.55211205   0.09774000   0.32173832   0.07339828   0.13007022   0.23991259   0.09600768   0.08851028   0.12127621   0.19425879   0.16556405   0.37060669   0.14346825   0.30507506   0.00581528   0.37531793   0.30177345   0.22436732   0.21568736   0.37665672   0.05325476   0.37449838   0.26057359   0.35262406   0.30135498   0.21479797   0.30976286   0.29793975   0.12172460   0.20309190   0.33469665   0.30546266   0.20877937   0.24084983   0.09558081   0.24916809   0.18280296   0.19712707   0.16140315   0.14099294   0.32085407   0.07187127   0.34133963   0.46629146   0.17840019   0.48751857   0.22367996   0.32332651   0.14284161   0.16739839   0.21300519   0.41077864   0.12149545   0.26128826   0.30745197   0.45595412   0.43726909   0.28902413   0.21367000   0.33466290   0.42085846   0.42680477   0.37955991   0.35914488   0.47915150   0.56988497   0.48291481   0.70538872   0.59667031   0.47996719   0.69889250   0.47854447   0.71983505   0.68956634   0.53503515   0.68561418   0.70766845   0.64490513   0.39710753   0.43720496   0.28571873   0.32396532   0.36033833   0.53918041   0.56537181   0.49767174   0.53455271   0.21625910   0.26225884   0.21904006   0.38337796   0.41814450   0.47425257   0.26764104   0.42002088   0.36929148   0.25370050   0.36001267   0.17032012   0.35425922   0.24589844   0.32182386   0.21997593   0.28797428   0.62782052   0.10701991   0.26085183   0.25539474   0.06755736  -0.02207115   0.16940559  -0.02957775   0.17260929   0.14008525   0.29085776   0.25779796   0.17294285   0.12041753   0.26326349   0.25915531   0.27385403   0.28397923   0.19941365   0.29484570   0.08314853   0.22899037   0.29286793   0.20276371   0.18561390   0.38712210   0.35748720   0.37165863   0.27849640   0.47283702   0.32909073   0.31472400   0.28836346   0.20230772   0.24892768   0.34800022   0.23523497   0.03591943   0.08715039   0.38151599   0.35381655   0.33717587   0.45794403   0.24245319   0.25263001   0.41003553   0.17259754   0.37204639   0.26762088   0.38173727   0.27238254
 0.38348180   0.12417381   0.31708214   0.26310068   0.22634054   0.31587069   0.25317880   0.42220322   0.19879665   0.42200418   0.47149732   0.51702711   0.38379837   0.61927487   0.58182881   0.44520184   0.60169274   0.55064478   0.61554666   0.00000000   0.26557425   0.37765750   0.35330583   0.40282725   0.18516251   0.32450934   0.43684485   0.58044877   0.29813524   0.34458264   0.46560168   0.17381998   0.27404609   0.28223290   0.40957182   0.38719734   0.39020017   0.38356307   0.44720374   0.23894582   0.24704378   0.10799060   0.16269904   0.41080307   0.35204384   0.47225236   0.04732705   0.23219616   0.07323660   0.12480561   0.20091596   0.08317557   0.09543081   0.11716625   0.16081422   0.15915353   0.38687388   0.05183428   0.18084931  -0.01931426   0.34391029   0.17715418   0.16274734   0.13756895   0.30806470   0.02649301   0.29329535   0.09274538   0.23101351   0.18854539   0.10367310   0.20695373   0.16122165   0.04293963   0.11105923   0.20732294   0.20385468   0.12594396   0.09844741   0.05137040   0.17046047   0.12642699   0.15722752   0.08574214   0.10896269   0.25940860   0.02687605   0.22868177   0.26864582   0.11765396   0.32307863   0.17624470   0.23476767   0.08383002   0.13551679   0.09794873   0.30799198   0.08932886   0.21557259   0.19917995   0.39363388   0.44397287   0.25618605   0.19343927   0.35796544   0.41069882   0.39720077   0.34151808   0.39100668   0.47184931   0.51522497   0.47459628   0.60741246   0.56688265   0.42237482   0.59482302   0.43120417   0.67881164   0.66643938   0.50894047   0.54747571   0.52199594   0.59866687   0.36669174   0.39827670   0.28886657   0.28302467   0.36425315   0.48523087   0.49470064   0.41805372   0.47727292   0.16917979   0.15302655   0.17262688   0.27948338   0.34083086   0.41298405   0.13276874   0.43150667   0.39440956   0.30210804   0.31453666   0.17355730   0.32996444   0.28004079   0.34497834   0.21963708   0.30721028   0.60698410   0.07073823   0.19672960   0.20437507   0.04032620   0.01083194   0.14244757   0.02081960   0.12922905   0.11485040   0.19808344   0.20221802   0.15304181   0.09030713   0.23746068   0.12449696   0.19218421   0.19496194   0.16885998   0.23190494   0.06274867   0.18456462   0.22805971   0.08890609   0.08154965   0.24506607   0.22672492   0.24899213   0.16749227   0.31368090   0.19651991   0.23040771   0.15587708   0.11108788   0.13242033   0.21346533   0.13145192   0.00026785   0.07683263   0.27490083   0.29086525   0.24998870   0.27607848   0.16544169   0.13795586   0.33283879   0.11888781   0.29923577   0.26951480   0.38864499   0.19780197
 0.27086989  -0.16107526   0.06395935  -0.05462022  -0.07536479   0.01059308   0.26119602   0.31535603   0.16136756   0.26754648   0.38780265   0.22610093   0.31571996   0.41174758   0.42946880   0.35612573   0.17356742   0.20786721   0.28226945   0.26557425   0.00000000   0.59442282   0.44942804   0.54678264   0.36546150   0.46136531   0.48119079   0.46373123   0.20916476   0.08604593   0.12204093  -0.13449932  -0.13726696  -0.06958819   0.36100303   0.20135364   0.17248595  -0.05047507   0.18136591   0.30702159   0.37688130   0.25077822   0.26432780   0.17717347   0.26864330   0.26828676   0.00870873   0.00890096   0.21354456   0.09981123   0.08504141   0.01534260   0.06036988  -0.02321612   0.12668369   0.35258907   0.20534283  -0.22789135   0.00928112  -0.12216241   0.00900223   0.05266712   0.09457140   0.16564245   0.05800872   0.01265552  -0.03970715  -0.09769686  -0.07520516   0.01826521  -0.04868109  -0.09160408  -0.20270561  -0.05805253  -0.14739639  -0.12522738  -0.03109177  -0.04938555  -0.21853100   0.00053256  -0.11388684   0.04688933   0.17357350   0.01281514   0.29685477   0.22766900  -0.03071130   0.02887255   0.02637695  -0.05362249   0.02866205   0.26997453   0.05461891   0.03890169   0.10757594  -0.25592415   0.12890125   0.07385911   0.40664494  -0.04994726   0.34507512   0.17834675  -0.11647528  -0.13321907   0.02213775   0.03445588   0.24554359   0.23415274   0.10895811   0.32117304   0.35163351   0.10534247   0.39689586   0.43698463   0.36401452   0.38135250   0.17779337   0.28353779   0.28504128   0.14335301   0.16143752   0.17785141   0.17873722   0.53034583   0.54867590   0.36157889   0.42437640   0.41730109   0.48901761   0.44300944   0.17593088   0.22102524  -0.15166982  -0.23735896  -0.09067037  -0.12693425   0.32730293   0.28614300  -0.19763238   0.00453941   0.09551504   0.31033216   0.20007745   0.23717950   0.43056013   0.36608233   0.24212322   0.16407456   0.16150031   0.24898444   0.00891248   0.05200411  -0.00655106   0.11173940   0.11540747   0.07726148  -0.03732288   0.16491035   0.00020575   0.00604713   0.14857271   0.03875004   0.07954851   0.23040788  -0.18910977   0.00725524  -0.09340143   0.10737623   0.25464822   0.05624281   0.03258265  -0.14415724  -0.07599511  -0.05554194   0.04280722  -0.03760265  -0.00968364  -0.01808712   0.07157992  -0.08803312  -0.14457288  -0.20734699  -0.03053069   0.00781405  -0.13044265  -0.14395914  -0.00208259   0.02497596   0.00042010   0.07539936   0.23782232   0.00519330   0.11326900  -0.14355983   0.11547790   0.13940638   0.36858020   0.16117859   0.14387624   0.23810938
 0.40757180  -0.12097679   0.21678859   0.00913782   0.03746993   0.09491503   0.33310271   0.44652752   0.26559533   0.42224949   0.51047872   0.36503215   0.39388369   0.52447148   0.49330566   0.39385528   0.29349265   0.32776730   0.40645306   0.37765750   0.59442282   0.00000000   0.53120646   0.62941558   0.48376566   0.52746041   0.54035368   0.57086070   0.31872012   0.20237616   0.27211570  -0.04649257  -0.04198768   0.05129420   0.47285096   0.26704967   0.25154790   0.06646722   0.31483841   0.45263712   0.48964194   0.26693155   0.33137592   0.32595073   0.40777283   0.36709111   0.12605040   0.12139781   0.24535424   0.17251868   0.16644700   0.03470223   0.08733789  -0.00976319   0.15527092   0.39790603   0.34273203  -0.17844301   0.14445355  -0.08570842   0.15092133   0.15234994   0.15065264   0.23905375   0.17109510   0.04651421   0.09669242  -0.01527946   0.01566701   0.07499299   0.02268362   0.04870638  -0.11179886   0.02683783  -0.12178261  -0.05015199   0.02302157   0.02657265  -0.16187634   0.02568331  -0.04196496   0.11408948   0.18579085   0.02343843   0.27878293   0.26098621  -0.03691301   0.05202709   0.08599551  -0.00318178   0.08606965   0.28868959   0.13544757   0.02900460   0.11575706  -0.18667053   0.24659366   0.11190878   0.50110161   0.03133918   0.47938373   0.27314772  -0.03062191  -0.06753119   0.14789394   0.14300250   0.36404821   0.35227411   0.25809199   0.45505860   0.47730751   0.22637229   0.51005828   0.54732287   0.44186801   0.47515496   0.27901800   0.40468668   0.40872320   0.22809373   0.28861046   0.27058537   0.32213915   0.68103616   0.71263987   0.40836312   0.51116882   0.48169275   0.60867358   0.53374648   0.32568471   0.32853405  -0.07397965  -0.17137873   0.00738858  -0.04481152   0.43938833   0.37289377  -0.12893601   0.12847487   0.21952216   0.47117792   0.31319642   0.29626412   0.54685554   0.43624807   0.35333822   0.22518163   0.28717630   0.40599842   0.08749882   0.14441805   0.09540566   0.13232409   0.12851110   0.16319734  -0.02682726   0.18800128   0.02114664   0.05617597   0.20452437   0.06570731   0.09683228   0.29733666  -0.12741308   0.13174042   0.01275468   0.18875215   0.32922126   0.07902067   0.05338793  -0.03092213  -0.03933331   0.00355858   0.14447144   0.04482536   0.09688120   0.05006517   0.14093150  -0.02629788  -0.01568596  -0.13777622   0.02887821   0.09149327  -0.05328816  -0.06534141   0.03248497   0.06076707   0.03278065   0.17693185   0.27888918   0.04754955   0.13336606  -0.08128497   0.24597139   0.18997204   0.41540639   0.21773108   0.27114299   0.34299295
 0.29405051  -0.17265929   0.12452175  -0.07464924  -0.05221870   0.00395210   0.27684997   0.36785449   0.21368341   0.33775680   0.44324210   0.26251876   0.38107160   0.49159719   0.49445252   0.42490166   0.24919947   0.29358701   0.40135021   0.35330583   0.44942804   0.53120646   0.00000000   0.55781453   0.30739194   0.49279139   0.55537525   0.53505250   0.29604724   0.10539166   0.20055733  -0.09267813  -0.06805979  -0.01522121   0.42352367   0.27379314   0.23669644  -0.00832234   0.23734516   0.31568082   0.40108819   0.22394171   0.27144148   0.24394490   0.33200892   0.34892249   0.02842359   0.01442942   0.16001305   0.14308678   0.16007519   0.04330715   0.05911713  -0.00190729   0.16896454   0.28164822   0.22837589  -0.16967007   0.04012584  -0.11977620   0.07036643   0.11024386   0.19655471   0.18346421   0.17660918   0.03792923   0.06910174  -0.03236001   0.03586428   0.11186954  -0.05723353  -0.04811904  -0.15845265  -0.05163996  -0.05077782  -0.05079503   0.08212049   0.02281443  -0.17820895   0.03716703  -0.01956872   0.09203147   0.22159915   0.04442555   0.24827531   0.28296006   0.04332015   0.13903062   0.12256979   0.05629253   0.13492436   0.29506762   0.14138905   0.12968933   0.18106681  -0.16994432   0.22442774   0.09898897   0.37610004   0.07318025   0.37487090   0.17820337  -0.08504518  -0.15014113   0.05517713   0.05876822   0.30965025   0.28324309   0.17166433   0.39384582   0.38214766   0.14114947   0.47102854   0.49031196   0.44204539   0.46660786   0.23251892   0.38294629   0.37627062   0.21482146   0.22828877   0.27454329   0.28254040   0.51206713   0.50109480   0.38636617   0.46050965   0.44345169   0.51650149   0.53002251   0.23474076   0.33098959  -0.12136355  -0.20011885  -0.04688298  -0.09143066   0.38111350   0.33950644  -0.17446085   0.06091553   0.15561922   0.31894797   0.27801920   0.25770742   0.44809272   0.36334076   0.29442365   0.20931980   0.19377656   0.35181496  -0.01864843   0.08649109  -0.03086323   0.10742596   0.07396644   0.10202022  -0.05790416   0.19302601   0.04351927   0.05485467   0.22299502   0.08386000   0.10332852   0.28826759  -0.12927831   0.04062707  -0.04643779   0.11582668   0.31749065   0.07819037   0.12311813  -0.05514969  -0.04732688  -0.04862725   0.14106486   0.05119695   0.10245166  -0.01458028   0.14109263   0.00183615  -0.11424108  -0.14612627  -0.04559353   0.07607476  -0.06713819  -0.06321471   0.00517374   0.05417926   0.11787870   0.17689991   0.27262014   0.08203242   0.20772441  -0.03182960   0.22284465   0.15508327   0.33611664   0.18396901   0.20727019   0.23352445
 0.38304793  -0.15857818   0.15220682  -0.01581609   0.01274205   0.08771835   0.32708721   0.44684947   0.24477512   0.41339997   0.51197490   0.38226015   0.42468283   0.52194236   0.50296700   0.40034517   0.31295013   0.35733373   0.41862522   0.40282725   0.54678264   0.62941558   0.55781453   0.00000000   0.42942860   0.57105631   0.65056401   0.63041498   0.29739244   0.16359869   0.27125596  -0.10254830  -0.08078727  -0.00105696   0.50935118   0.27135155   0.27588008   0.08010736   0.33719535   0.48915586   0.48776353   0.32570632   0.40664074   0.31336382   0.42719526   0.45986123   0.06182228   0.09169078   0.23691540   0.15180123   0.12885179   0.03974209   0.05998186  -0.00560048   0.17638525   0.35629941   0.30958580  -0.24591694   0.03372120  -0.14365283   0.13138845   0.09279523   0.11412690   0.22944755   0.14521312   0.03106106   0.03792145  -0.08229030  -0.02612090   0.05773129  -0.04495023  -0.03442573  -0.14120859  -0.01658417  -0.15727294  -0.11207809   0.00414716  -0.01925951  -0.19870716  -0.01264352  -0.09078844   0.08352334   0.24566790   0.00417912   0.29912512   0.29466254   0.01578686   0.06457627   0.07025492  -0.00847444   0.08830380   0.31245336   0.09927262   0.06605686   0.13203001  -0.22415388   0.20520951   0.08028671   0.40084904   0.00602682   0.46167566   0.24008326  -0.07374370  -0.13351817   0.10892248   0.14443377   0.35841290   0.33699009   0.22945802   0.46570814   0.48990203   0.24339840   0.48625796   0.59848063   0.49081793   0.45680241   0.28786648   0.40227589   0.42055537   0.27718272   0.27603857   0.26449929   0.32561417   0.57790439   0.59979081   0.42934786   0.49270157   0.62219162   0.67067971   0.59985326   0.27830595   0.34476405  -0.12541590  -0.19597783  -0.04773615  -0.07058968   0.48856752   0.39862932  -0.14261424   0.16178791   0.23062379   0.50722486   0.28455019   0.30551947   0.52207127   0.53771782   0.39202471   0.23044272   0.27094058   0.48065411   0.06860465   0.11313623   0.05878662   0.14556944   0.11213557   0.09096355  -0.04333144   0.21317881  -0.01368944   0.05704673   0.24516591   0.07674637   0.11646451   0.33033806  -0.18956020   0.07924738  -0.05309134   0.15213803   0.28882799   0.03953710   0.06598238  -0.08116690  -0.06750214  -0.09319962   0.11003807   0.00626480   0.03947547   0.01040793   0.17411979  -0.06703124  -0.06207669  -0.16654110   0.00455981   0.07839599  -0.09937276  -0.10891062  -0.01789105   0.02615541   0.06630682   0.17199930   0.30007539   0.06491496   0.16686765  -0.11246005   0.22340907   0.18253079   0.41781856   0.20795412   0.27702720   0.32510575
 0.32780264  -0.04146474   0.15746837   0.08853907   0.12975587   0.17436546   0.22335459   0.30650880   0.13617102   0.26140336   0.28661595   0.29302360   0.23955713   0.20952405   0.15986673   0.07891237   0.16053366   0.14927567   0.15401010   0.18516251   0.36546150   0.48376566   0.30739194   0.42942860   0.00000000   0.32998211   0.28316549   0.31913965   0.22788629   0.20948838   0.19563569   0.05554885  -0.06556232   0.05934577   0.38945543   0.13426198   0.19794310   0.10557462   0.30802604   0.55187077   0.42402610   0.25415471   0.49846670   0.30396903   0.33622202   0.26362277   0.32041995   0.14974231   0.24763195   0.17669210  -0.00054207   0.00911835   0.07767804  -0.00256968   0.12499756   0.29002856   0.37956712  -0.16340909   0.14080128   0.01246781   0.15297048   0.12096367   0.14578675   0.27683230   0.12450186  -0.02436078   0.02409591  -0.04514105  -0.01059948  -0.00460460   0.03971672  -0.01305152  -0.06678634   0.05291606  -0.31877853  -0.23192927  -0.19963847  -0.03249124  -0.17358950  -0.13152832  -0.22580787  -0.00315065   0.16727751  -0.12082992   0.27878052   0.27676982   0.07710251  -0.04232842  -0.03424609  -0.01682665   0.05079310   0.28644792   0.07821297   0.09955971   0.19467298  -0.27121334  -0.00145590   0.00649526   0.39522378  -0.05261331   0.33931354   0.21937925  -0.03200291  -0.00027019   0.15323878   0.15312481   0.22114903   0.18604714   0.17673463   0.27415663   0.28227601   0.19358361   0.20462782   0.32686777   0.20427127   0.13823734   0.18539431   0.12510128   0.16659470   0.09932655   0.13004383   0.05343648   0.13554492   0.32739117   0.36237722   0.20317156   0.25875349   0.32629754   0.36056693   0.24350511   0.24016570   0.11630160  -0.00469522  -0.11379533   0.07179361  -0.00283819   0.35100389   0.19562123  -0.05704348   0.15047410   0.20726084   0.56563813   0.24420238   0.23380665   0.35351990   0.44141125   0.29763896   0.16912595   0.27774055   0.32449684   0.26741629   0.22914317   0.22560206   0.10736813   0.15744667   0.09897496   0.04130212   0.14858918  -0.13677795  -0.07481452   0.13440706   0.06192130   0.03124067   0.20461094  -0.21552244   0.15303027  -0.02727202   0.26027118   0.18904660   0.01467955  -0.09907483  -0.09117158  -0.11018564  -0.05400603   0.05689295  -0.02731225  -0.07092540   0.04485080   0.17606332  -0.19288274   0.01012436  -0.17660722   0.02145702   0.08010645  -0.17926163  -0.21166861  -0.03093659   0.03928712  -0.11370474   0.06269224   0.18843092   0.00280326   0.12096621  -0.27019471   0.02555889   0.07122108   0.23114295   0.15436538   0.26320166   0.40725071
 0.22977857  -0.21499632   0.02071451  -0.10208502  -0.10260731  -0.04458714   0.25616918   0.30966123   0.19153947   0.27369080   0.42602311   0.21041240   0.35465567   0.49558311   0.50746851   0.46893017   0.21685290   0.27580821   0.37575121   0.32450934   0.46136531   0.52746041   0.49279139   0.57105631   0.32998211   0.00000000   0.58619716   0.53378022   0.26526512   0.05078704   0.14191679  -0.13490580  -0.11912171  -0.05821797   0.47445603   0.26089417   0.21636797  -0.04588141   0.20305898   0.34259926   0.37338840   0.24767085   0.25253612   0.17468858   0.26104988   0.31688652  -0.00633047  -0.02061393   0.11804226   0.11367974   0.13169934   0.00871395   0.05992398  -0.02958465   0.13609397   0.28464590   0.20510451  -0.21417021   0.03157339  -0.13938344   0.00774000   0.06470522   0.16969648   0.18178408   0.12120926   0.02360171   0.00176507  -0.05985473  -0.03844589   0.08962707  -0.09821666  -0.12070585  -0.20024661  -0.09988617  -0.08839105  -0.08639753   0.04602497  -0.01273080  -0.20499668   0.02122858  -0.06840358   0.07862564   0.20303908   0.05368140   0.28363585   0.27666107   0.01733908   0.12255526   0.07867719   0.01153428   0.10632670   0.27641931   0.09438981   0.11512577   0.16398390  -0.21100446   0.16192225   0.08416330   0.40113812   0.02460501   0.32993264   0.12380878  -0.15969521  -0.20252799  -0.02213393  -0.00301457   0.24359992   0.21507301   0.07484997   0.32859944   0.35032212   0.07830285   0.46374579   0.46936705   0.43238445   0.45748088   0.19871592   0.33758341   0.33755794   0.19666210   0.18090005   0.26250437   0.24552132   0.48681747   0.49671453   0.41663854   0.47288998   0.47117755   0.55097072   0.53706387   0.18698849   0.27393070  -0.17307058  -0.23102151  -0.10989328  -0.13138836   0.40721216   0.36248312  -0.20719218   0.03393439   0.08243795   0.31286190   0.23138298   0.24860349   0.42797067   0.35609917   0.24394410   0.17917552   0.13532899   0.29031230  -0.04705880   0.04490013  -0.06226607   0.10128379   0.05641438   0.03392840  -0.04170475   0.18044546   0.07099884   0.03227532   0.22608989   0.04958311   0.09118188   0.25721552  -0.17540616  -0.00042120  -0.09732560   0.11650062   0.29684751   0.06315772   0.09268296  -0.13606943  -0.08931719  -0.07885351   0.08407642  -0.01780635   0.04002178  -0.05518397   0.10495104  -0.03425615  -0.17961378  -0.18877542  -0.08106752   0.00388102  -0.10905684  -0.12286518   0.00832082   0.03202587   0.08937547   0.10919245   0.27669977   0.03639025   0.18782169  -0.07997581   0.16530876   0.14241021   0.35464331   0.15879829   0.14388805   0.22182324
 0.28962924  -0.21606964   0.08886763  -0.07229928  -0.05407473   0.02213810   0.31737922   0.40577923   0.25013361   0.33779296   0.51539903   0.31337763   0.43243096   0.66619397   0.65967331   0.58526896   0.31953389   0.38418252   0.54597055   0.43684485   0.48119079   0.54035368   0.55537525   0.65056401   0.28316549   0.58619716   0.00000000   0.73955217   0.30609185   0.08921985   0.26773513  -0.08935591  -0.02374729  -0.00274937   0.54779475   0.34616425   0.26096604   0.04303211   0.25474606   0.28968183   0.35531812   0.21264315   0.21294633   0.23751358   0.32754497   0.42476117  -0.04819507  -0.00425201   0.12679760   0.09125268   0.19755740   0.00840372   0.04735345  -0.00754668   0.16926258   0.28406343   0.24614240  -0.19106274   0.03330901  -0.17797786   0.06234124   0.09228086   0.23723430   0.16926098   0.21161079   0.05084586   0.08281641  -0.03503842   0.05716394   0.14454261  -0.09238817  -0.06035165  -0.13047373  -0.08299816  -0.01941389  -0.01214133   0.14494708  -0.00822701  -0.16353662   0.05770048   0.00517186   0.08404817   0.25482583   0.08449097   0.29292937   0.35798401   0.03933310   0.17725784   0.14404236   0.04754186   0.19906596   0.30700041   0.14544863   0.14256889   0.19159166  -0.12672131   0.28115292   0.12500616   0.41761242   0.11206184   0.42182815   0.22260925  -0.09880270  -0.16705551   0.06663930   0.09125199   0.32881597   0.30923448   0.12826437   0.42515790   0.47017895   0.20627769   0.61366847   0.62534552   0.53663642   0.62141364   0.30118223   0.50878377   0.50256182   0.31840913   0.33273098   0.41448037   0.36918702   0.53206771   0.54000761   0.46106318   0.52575495   0.54150449   0.65228535   0.84896096   0.26659888   0.42999228  -0.08971859  -0.14800468  -0.07704621  -0.05164932   0.46218804   0.43033778  -0.16165830   0.10967493   0.14196158   0.27211261   0.31894935   0.24044450   0.44937059   0.35679511   0.28211475   0.20608877   0.15480133   0.41310013  -0.08053530   0.04964428  -0.08305456   0.08857466   0.04019017   0.04767045  -0.05938059   0.23417899   0.09784215   0.07049089   0.22978893   0.08582839   0.11846726   0.29452257  -0.11950596   0.01780001  -0.04408368   0.08641090   0.34314372   0.04736627   0.10810228  -0.05762503  -0.04074365  -0.06184786   0.16340567   0.06588397   0.12281339  -0.04633282   0.19212574   0.04220064  -0.09738535  -0.09744408  -0.05687602   0.07480223  -0.03415295  -0.05189920   0.01769622   0.04234883   0.18481597   0.20371730   0.33078071   0.11628065   0.25534165   0.02798224   0.27818147   0.20018976   0.43267915   0.21577074   0.21958989   0.23691813
 0.46332605  -0.08222162   0.21761317   0.10049873   0.10790442   0.20242916   0.35202353   0.52218810   0.29100047   0.47758885   0.64756889   0.50561209   0.49924673   0.77629408   0.73868696   0.59579231   0.49848699   0.53020243   0.61801000   0.58044877   0.46373123   0.57086070   0.53505250   0.63041498   0.31913965   0.53378022   0.73955217   0.00000000   0.34472311   0.27772059   0.42604450   0.00904334   0.07825609   0.12161807   0.59370031   0.43952802   0.37883869   0.18484315   0.43790689   0.34184179   0.37176411   0.19086713   0.25218671   0.38336282   0.41110711   0.53876567   0.03128377   0.12241600   0.13653727   0.12810630   0.18842720   0.03067758   0.06255636   0.02756644   0.17075295   0.29756441   0.40430436  -0.16313784   0.12453015  -0.12850032   0.22308789   0.13022986   0.18333561   0.18845746   0.30731957   0.03127125   0.14207354  -0.01079992   0.11070578   0.14782008  -0.02611041   0.05189055  -0.06500335  -0.02590330  -0.05695898   0.00969602   0.11793031   0.03431701  -0.13896274   0.03596170   0.00161280   0.10088949   0.21030759   0.04077738   0.21569473   0.35964348   0.00171378   0.17276827   0.17242092   0.02788837   0.24603915   0.26180547   0.17342448   0.09422721   0.17526179  -0.11584218   0.32541999   0.11288063   0.39664135   0.11014073   0.52912107   0.40334133   0.02670627  -0.02907360   0.24879978   0.27886495   0.47224341   0.41013482   0.31774396   0.57781843   0.64079080   0.40705192   0.72758681   0.77354612   0.56409946   0.71513873   0.42831213   0.66185218   0.66123093   0.44381537   0.48222260   0.49771614   0.51310927   0.53789638   0.59871085   0.44571791   0.48320345   0.53236528   0.65983272   0.73825040   0.39814935   0.49767408  -0.00066417  -0.08616480   0.04310090   0.07291170   0.49526326   0.48234189  -0.07774316   0.25606497   0.35202591   0.38215242   0.40648034   0.24233677   0.49751630   0.39874051   0.39939194   0.27213840   0.28408063   0.59129340   0.03081881   0.16105866   0.08813017   0.10212377   0.04411266   0.11152182  -0.02439199   0.19762964   0.06419008   0.11687749   0.25115899   0.12479115   0.11063341   0.31949973  -0.09071827   0.12501197   0.04592355   0.18244299   0.34102968   0.07080443   0.10817916   0.04203734  -0.01285839  -0.01164420   0.20052903   0.11131414   0.16089130   0.06389596   0.25660660   0.05855171   0.04020296  -0.05715061   0.03138429   0.11621686   0.02080348  -0.02713667   0.00214502   0.08365067   0.19379213   0.27121063   0.32538702   0.18584417   0.22892436   0.00395160   0.34646268   0.20869496   0.40941536   0.28336572   0.36154162   0.30375137
 0.41119143   0.09298234   0.35057845   0.15228604   0.29206920   0.23903772   0.35909163   0.37211392   0.23396641   0.37451581   0.31330172   0.35695371   0.26191777   0.40688383   0.29738264   0.22275852   0.29453293   0.30536839   0.39107717   0.29813524   0.20916476   0.31872012   0.29604724   0.29739244   0.22788629   0.26526512   0.30609185   0.34472311   0.00000000   0.38633711   0.40284074   0.30542384   0.32243612   0.36347064   0.42074080   0.23792861   0.21172194   0.28942830   0.39320362   0.40810278   0.27101459   0.13472896   0.24178606   0.32722895   0.29601409   0.29492539   0.21435515   0.18099074   0.08912645   0.15672536   0.28504725   0.05150890   0.10514105   0.08988765   0.23214009   0.15449968   0.40766688   0.10180724   0.32732917   0.07936130   0.26781063   0.35234798   0.34416027   0.34830303   0.45615781   0.04034304   0.36743979   0.15849347   0.31004165   0.26115272   0.04561332   0.23666614   0.18802074   0.06364231   0.11980293   0.16515226   0.22609681   0.13061618   0.10064321   0.07488938   0.15139980   0.11607786   0.16970978   0.09990323   0.16737258   0.25822092   0.02459446   0.20981165   0.25782617   0.16398816   0.25872536   0.18615185   0.35559073   0.13798619   0.14284359   0.10907914   0.33732337   0.20468484   0.21660182   0.23338717   0.41576645   0.34102526   0.24535811   0.11915622   0.30955573   0.26502325   0.28183578   0.29315910   0.33040348   0.33669556   0.33528781   0.28273142   0.35965030   0.34080076   0.27613010   0.31296851   0.38031819   0.34798822   0.36212623   0.31691056   0.32563693   0.27522392   0.32263972   0.25561733   0.28472190   0.17395740   0.20052807   0.23696652   0.35790897   0.31039971   0.50482062   0.41229224   0.27195813   0.18220161   0.26720170   0.29675019   0.41974550   0.30329618   0.14822539   0.29368955   0.31148320   0.36673405   0.39204898   0.18612607   0.29487661   0.26535795   0.30217881   0.20860082   0.27168435   0.40256684   0.08611125   0.35087988   0.11112766   0.04140708   0.01165219   0.10619711  -0.03365150   0.25537575   0.14104633   0.15241987   0.25524039   0.15397600   0.15462691   0.36106134   0.16210440   0.28850542   0.24105188   0.26583890   0.38988320   0.04449834   0.18917984   0.26415481   0.03152741   0.05537720   0.37052368   0.28566331   0.31913265   0.12025155   0.29863963   0.17103820   0.19899589   0.16785552   0.10872657   0.17051697   0.16966716   0.17571666   0.01158480   0.05795743   0.29694397   0.32352407   0.29503438   0.24299990   0.18602723   0.16505913   0.35149620   0.20750877   0.27618577   0.19124834   0.35226810   0.26043956
 0.55298863   0.47755231   0.42351182   0.63480132   0.60029624   0.69308736   0.21732644   0.36093260   0.14929492   0.33856899   0.30610149   0.59383673   0.14179667   0.35748851   0.20681452   0.10684757   0.42373929   0.34012510   0.33571747   0.34458264   0.08604593   0.20237616   0.10539166   0.16359869   0.20948838   0.05078704   0.08921985   0.27772059   0.38633711   0.00000000   0.55871122   0.50425396   0.43492257   0.46793186   0.27384395   0.26097428   0.28662892   0.48963097   0.42742743   0.23005403   0.15704941   0.07559510   0.14193199   0.38020849   0.24359189   0.25850465   0.15774793   0.26431578   0.06079167   0.10405754   0.09200807   0.07080681   0.09311936   0.12297944   0.15351894   0.09788367   0.61612760   0.11714423   0.27958364   0.10705885   0.32017001   0.13846739   0.03850117   0.13868319   0.33799631  -0.03022312   0.27387475   0.08136335   0.17930157   0.07843014   0.16389425   0.26534074   0.28671807   0.15103672  -0.03398967   0.08892474   0.06646666   0.10673449   0.14110272  -0.02888317   0.08147774   0.09122684   0.12507259   0.02898517   0.04299176   0.13202354   0.01349580   0.07708867   0.17878217   0.04538798   0.20514065   0.08528011   0.20257630   0.03697135   0.08473699   0.07684130   0.16676614   0.05254630   0.08462571   0.11132735   0.44597690   0.71697636   0.46002481   0.53926145   0.67811392   0.63291278   0.35121330   0.24812892   0.39866485   0.29561387   0.38545566   0.57701879   0.35313832   0.31327494   0.15594011   0.27877751   0.50926317   0.40998736   0.45111043   0.34669163   0.45712679   0.32008782   0.40330845   0.10602543   0.21740109   0.01475808   0.02677386   0.09313834   0.23225444   0.11165075   0.63203703   0.33122502   0.50213038   0.31852266   0.47633937   0.50471468   0.24555180   0.24562648   0.26683427   0.48094421   0.44822031   0.31306841   0.33214347   0.06943538   0.17756045   0.19480143   0.21536784   0.14268320   0.27100797   0.45180201   0.21604484   0.29399670   0.34344462   0.02202867  -0.00893262   0.09473608   0.08617449   0.07574117   0.00068031   0.15228078   0.14913457   0.18430539   0.03309239   0.20740595   0.13768362   0.30395784   0.23581426   0.24413745   0.14453117   0.02359621   0.04555298   0.29298332   0.08013493   0.11773169   0.18778719   0.22648048   0.19690095   0.23907373   0.28761988   0.11570912   0.42235869   0.21759470   0.18869119   0.13480184   0.18294500   0.13589894   0.00818295   0.04640791   0.14917153   0.23433914   0.18475657   0.24251763   0.07894751  -0.00459227   0.17882283   0.07062807   0.16110542   0.23203201   0.41556134   0.18905604
 0.52295550   0.29217615   0.51555126   0.44352530   0.59408142   0.55974446   0.31857328   0.47103349   0.27470841   0.47606289   0.48160022   0.68987085   0.27787124   0.48440578   0.35425467   0.20436861   0.51387806   0.49015547   0.50524078   0.46560168   0.12204093   0.27211570   0.20055733   0.27125596   0.19563569   0.14191679   0.26773513   0.42604450   0.40284074   0.55871122   0.00000000   0.36780284   0.48857532   0.47235433   0.40499228   0.34994265   0.35884046   0.57651858   0.54868497   0.34837326   0.19840718   0.07748816   0.22573823   0.52107843   0.34565951   0.40300500   0.25333104   0.41270282   0.07951032   0.18377884   0.24378409   0.10726378   0.11580095   0.17328595   0.22311388   0.11378784   0.61016560   0.15869487   0.30739545   0.09853076   0.51115883   0.25602467   0.10362461   0.20730499   0.37772569   0.03673623   0.44939997   0.24519837   0.31431720   0.17434705   0.19552521   0.49636071   0.41077614   0.20370137   0.16868189   0.29866367   0.28473242   0.23127581   0.30305763   0.07543398   0.26219688   0.18526001   0.14856338   0.09314156   0.06689424   0.23269539   0.11809586   0.26917342   0.33538329   0.15269928   0.35704659   0.14261967   0.29377974   0.07924033   0.12022898   0.33789397   0.43202973   0.14883473   0.13207322   0.40503329   0.48651218   0.58846669   0.47940989   0.36916384   0.59316402   0.62795063   0.47306135   0.40322255   0.51751863   0.43679671   0.54766738   0.67381765   0.46905875   0.44677671   0.26864161   0.43431413   0.43765978   0.57341273   0.56809709   0.49525359   0.57768565   0.43324036   0.53328160   0.19364345   0.28902740   0.10613225   0.10664390   0.23933909   0.36290966   0.30414210   0.60550543   0.58338800   0.38872782   0.38888607   0.33088678   0.46849346   0.32944104   0.36850235   0.37593986   0.56553956   0.53402670   0.39169786   0.31050355   0.13688421   0.26443287   0.26198910   0.34579376   0.25769247   0.40609545   0.60950763   0.21501094   0.30059198   0.35635312   0.04469140  -0.02097358   0.17939655   0.03579508   0.16470543   0.11791665   0.29628075   0.22682016   0.18511147   0.10481978   0.23910748   0.23005694   0.30999496   0.40558991   0.24332499   0.24110147   0.07179961   0.19592885   0.37029194   0.15818082   0.12179710   0.31986531   0.32924170   0.32514286   0.26481746   0.42071802   0.30220373   0.52915654   0.39303305   0.26357350   0.34294243   0.38023528   0.34039578   0.04293407   0.10621538   0.34799122   0.41519488   0.27368980   0.38244378   0.16443411   0.28721701   0.45067757   0.18489707   0.22508636   0.25022134   0.52500394   0.31497391
 0.25568936   0.51250789   0.31039479   0.56624334   0.57688445   0.57104114   0.11832413   0.08232058   0.03253738   0.11956295  -0.00382137   0.36082625  -0.01561754   0.11474910  -0.03816465  -0.08141177   0.23609525   0.18138794   0.21786273   0.17381998  -0.13449932  -0.04649257  -0.09267813  -0.10254830   0.05554885  -0.13490580  -0.08935591   0.00904334   0.30542384   0.50425396   0.36780284   0.00000000   0.66453412   0.65234061   0.14994459   0.13151710   0.15685081   0.56796451   0.27729046   0.11773533  -0.02158707  -0.03120647   0.01819415   0.23807475   0.06664159   0.11241525   0.22722862   0.31156453  -0.00238511   0.02389924   0.05604478   0.03627788   0.06236938   0.12928137   0.07449388  -0.05761538   0.41397502   0.39457077   0.45009305   0.30004349   0.33781888   0.28737670   0.13140652   0.21122200   0.38783400  -0.03976223   0.40806754   0.23330448   0.34374759   0.19535413   0.27505406   0.35836293   0.55734183   0.15732441   0.08055336   0.26921202   0.04681746   0.08740614   0.36117815  -0.06903666   0.12327783  -0.03587477  -0.01943574  -0.00838688  -0.09002667   0.01828439  -0.09826546  -0.00251663   0.17768347   0.06593704   0.20866078  -0.07129108   0.28422045  -0.02611539  -0.04132652   0.32049083   0.05534923   0.02682207  -0.04791803   0.08473376   0.15858271   0.41373514   0.42947578   0.52471971   0.51900128   0.47553472   0.08587460   0.06645635   0.24716885   0.05968454   0.11124973   0.40473013   0.12018364   0.04471685  -0.06334313   0.05184479   0.38895709   0.20278305   0.23985691   0.26077259   0.35601046   0.22544688   0.30156102  -0.13840147  -0.06408159  -0.12902500  -0.18836430  -0.10687071  -0.01477322  -0.06939408   0.45319792   0.13384785   0.66217477   0.57852462   0.59956239   0.65665877   0.14365971   0.09718094   0.49620663   0.44509303   0.32496224   0.14959402   0.26844637  -0.03873593  -0.03730107  -0.00316715   0.07499812   0.00517892   0.12234799   0.27250970   0.20308599   0.34881456   0.36991527  -0.05217939  -0.01903795   0.05662153   0.08016954  -0.00141644   0.00996183   0.06349874   0.02100618   0.08996154   0.01446760   0.05732184   0.40825763   0.42835834   0.41397525   0.26640407   0.07099695  -0.01793683   0.00240795   0.47667334   0.12178620   0.24809809   0.25853598   0.35213505   0.26353536   0.29745226   0.25170059   0.21338631   0.52545530   0.42130175   0.18572367   0.09562226   0.32165400   0.18559530  -0.01176108   0.02137351   0.11799062   0.13815530   0.06959906   0.22413826  -0.01339567   0.13894812   0.06890218  -0.00133764   0.02039020   0.13084795   0.25232392   0.06768920
 0.26490162   0.47655563   0.41420456   0.51528039   0.58398587   0.54640024   0.16596840   0.18335317   0.12928373   0.22593308   0.13055864   0.48780157   0.05924148   0.20433861   0.06668725   0.01181740   0.31104378   0.28054916   0.36813349   0.27404609  -0.13726696  -0.04198768  -0.06805979  -0.08078727  -0.06556232  -0.11912171  -0.02374729   0.07825609   0.32243612   0.43492257   0.48857532   0.66453412   0.00000000   0.71913156   0.14563143   0.18300773   0.20507451   0.70405782   0.32858199   0.06526434  -0.05159522  -0.08417396  -0.02792456   0.32418237   0.11793603   0.20514209   0.13928766   0.41601849  -0.03039631   0.05250615   0.20360744   0.07765272   0.07840638   0.18681559   0.11764008  -0.06522893   0.32573569   0.47419011   0.41738123   0.24459947   0.44933823   0.34267040   0.18979005   0.15778916   0.45833163  -0.00822480   0.55372231   0.37851226   0.50685175   0.29325940   0.34647282   0.57702750   0.75794482   0.20299685   0.42187822   0.56588296   0.35335550   0.24151090   0.63325035   0.08130472   0.40536002   0.07854219   0.02602653   0.13508305  -0.09056669   0.10708426   0.00209286   0.24980538   0.44773400   0.17929538   0.42493877  -0.03813986   0.38309621   0.04821780  -0.01371820   0.63468734   0.31295094   0.10447952  -0.06663353   0.35463152   0.20333318   0.39653376   0.55072214   0.50696824   0.54194426   0.55523579   0.18199976   0.16554440   0.36080635   0.15336854   0.24892309   0.54549578   0.21458348   0.13031669  -0.00222886   0.19101554   0.38186646   0.36126398   0.35195820   0.38650219   0.50224831   0.37345575   0.41266068  -0.08705485  -0.01165006  -0.09847192  -0.16296952  -0.03563165   0.06123245   0.03513944   0.49784722   0.33733635   0.68334611   0.76149830   0.51423237   0.74363264   0.13178446   0.19099366   0.65839739   0.53341642   0.37086038   0.11112084   0.24527925   0.00195974  -0.00407432  -0.01249450   0.12090648   0.07195294   0.19035972   0.38247752   0.12115724   0.30357293   0.34438116  -0.04026740  -0.07069526   0.12398450   0.05711507   0.04967266   0.16466481   0.28389508   0.07744130   0.14131457   0.04616361   0.07448817   0.58928299   0.37821521   0.55403343   0.19341516   0.13502319   0.02966182   0.18962491   0.59804525   0.27116900   0.27148280   0.41459779   0.50345202   0.41177433   0.34989785   0.41224100   0.49015221   0.66589417   0.67619356   0.25991894   0.22456423   0.59790153   0.46760588   0.03682068   0.04893962   0.37292226   0.27860450   0.14616080   0.44693601   0.06212147   0.47751538   0.32060712   0.08423398   0.09872626   0.18696620   0.30480972   0.09742203
 0.33593253   0.47314130   0.42192375   0.49801831   0.57398871   0.52548293   0.21301651   0.22081360   0.13931345   0.25683543   0.14435255   0.47629153   0.06264757   0.25108335   0.07184332  -0.01168412   0.31183317   0.29198231   0.39511795   0.28223290  -0.06958819   0.05129420  -0.01522121  -0.00105696   0.05934577  -0.05821797  -0.00274937   0.12161807   0.36347064   0.46793186   0.47235433   0.65234061   0.71913156   0.00000000   0.27358023   0.22851107   0.24104795   0.73266734   0.37079586   0.20998739   0.03665018  -0.01810520   0.11645583   0.37918099   0.19299011   0.21203308   0.43588349   0.57304287   0.03509018   0.11109745   0.13299452   0.07899324   0.06472670   0.14216392   0.11986523  -0.03108842   0.41278485   0.52440243   0.65821716   0.37183268   0.49102758   0.50635388   0.16224722   0.31995941   0.44109691  -0.01973678   0.56240247   0.54716887   0.56437828   0.36362530   0.47774649   0.54025773   0.67754706   0.27802463   0.23259678   0.46496429   0.16033261   0.21395698   0.49551584  -0.02988670   0.24068434   0.08803473  -0.01773824   0.09877870  -0.08068069   0.11481472  -0.01821920   0.11082926   0.36991729   0.18939046   0.37610682   0.00559729   0.38209299   0.03160719   0.04050865   0.41976513   0.21987504   0.10102756  -0.03556499   0.22619768   0.25268516   0.39029387   0.49707584   0.48004540   0.47216197   0.50597615   0.20754491   0.19863424   0.38498297   0.18400424   0.26751158   0.47524069   0.25622402   0.16276814   0.04014302   0.17140384   0.44040836   0.31677093   0.34230190   0.37741116   0.48090418   0.33774379   0.40029759  -0.04655475   0.05106221  -0.07232051  -0.11167758  -0.00976257   0.10287282   0.03211111   0.50187505   0.26077048   0.58701574   0.63757568   0.63426970   0.77216619   0.22369645   0.20799789   0.59295400   0.53282493   0.39507460   0.24897220   0.30712118   0.03107633   0.05279993   0.08570585   0.19634020   0.11328993   0.27066353   0.40791246   0.37692708   0.48649322   0.54976412  -0.01079911  -0.01871043   0.18894794   0.05361758   0.03911913   0.02008195   0.22407582   0.10177464   0.14443982   0.04337363   0.11085000   0.58603535   0.59946332   0.59639820   0.35749368   0.12107608   0.03613016   0.11276112   0.60454195   0.35500138   0.45248697   0.46804872   0.56323248   0.44021981   0.49777084   0.45888721   0.38322234   0.61166556   0.53192099   0.31909075   0.31850825   0.50369625   0.33311146   0.01276770   0.06301094   0.20186841   0.27681842   0.11588258   0.40548293   0.09134057   0.28892629   0.23526869   0.06524745   0.08076390   0.17012168   0.31859044   0.24292345
 0.39823669  -0.07060081   0.17274024   0.06195306   0.22925089   0.18766884   0.33964145   0.38670244   0.26046917   0.34885051   0.47481306   0.39148113   0.35401315   0.65042788   0.50589926   0.41276095   0.33321232   0.43557665   0.50079453   0.40957182   0.36100303   0.47285096   0.42352367   0.50935118   0.38945543   0.47445603   0.54779475   0.59370031   0.42074080   0.27384395   0.40499228   0.14994459   0.14563143   0.27358023   0.00000000   0.36816133   0.37175002   0.27746217   0.48842015   0.60651834   0.36770603   0.25546033   0.36544781   0.35704457   0.37222374   0.45757433   0.30475688   0.19684792   0.17273357   0.12174907   0.17311420   0.01857495   0.08433462   0.03828719   0.19913727   0.23094549   0.48312598  -0.12604286   0.32566813  -0.00574299   0.30510312   0.24718940   0.19437280   0.47572188   0.32026167   0.01995432   0.18969290   0.08832292   0.16848789   0.16200033  -0.00607864   0.11079958   0.07474951   0.00026889  -0.10181219   0.01887496   0.04054716   0.03691222  -0.09171250  -0.00768418  -0.04022440   0.08707067   0.22055813  -0.02790079   0.19186703   0.27216699  -0.00707868   0.13320832   0.15377613   0.05893991   0.22350384   0.23183048   0.22824420   0.09331042   0.12230694  -0.06443558   0.25983084   0.12465592   0.30547586   0.09491913   0.47056075   0.30550925   0.04333506  -0.03216652   0.22129139   0.19959775   0.32548127   0.31739524   0.23285036   0.39932160   0.44876031   0.28964760   0.56038083   0.52320638   0.39743174   0.48565195   0.44319100   0.45095101   0.45615003   0.39863915   0.36400750   0.36137126   0.38309345   0.39282847   0.44542691   0.32288038   0.36434542   0.44134728   0.55733578   0.51152878   0.43457411   0.40370577   0.08381355   0.04459259   0.17219425   0.14229928   0.67719398   0.45751392   0.05808823   0.30464531   0.37355728   0.52495274   0.43720656   0.21529980   0.43772344   0.40513127   0.36335713   0.21979731   0.29663142   0.49463682   0.13003944   0.30628743   0.13602940   0.06881927   0.05366627   0.09569214  -0.03673298   0.22411073   0.01754622   0.05262926   0.24827728   0.14728841   0.12116068   0.33255515  -0.05791408   0.29056251   0.17290835   0.30976960   0.33205351   0.03870463   0.07915558   0.05888437  -0.07083380  -0.03255191   0.22883334   0.14922896   0.14206124   0.05594514   0.29147305   0.03117667   0.09727659  -0.01134406   0.00782318   0.16454410   0.02296062  -0.04519327   0.00927208   0.05085495   0.16640594   0.22261477   0.31662865   0.14890874   0.20149167  -0.00888911   0.27076340   0.20278773   0.37237541   0.23541073   0.33176338   0.36184290
 0.31646974   0.05897503   0.20839164   0.16852923   0.15622274   0.22987755   0.19078723   0.31161308   0.15799865   0.28855699   0.35936625   0.36574041   0.26079523   0.52304675   0.46865910   0.38691990   0.35627488   0.38194056   0.45247779   0.38719734   0.20135364   0.26704967   0.27379314   0.27135155   0.13426198   0.26089417   0.34616425   0.43952802   0.23792861   0.26097428   0.34994265   0.13151710   0.18300773   0.22851107   0.36816133   0.00000000   0.31716950   0.24614277   0.32775252   0.14230752   0.16573347   0.07000706   0.10645873   0.28355693   0.20447002   0.31205958   0.07010104   0.17730163   0.07033492   0.09432024   0.12586130   0.06114232   0.07512899   0.07585061   0.12355878   0.12180522   0.30729073   0.07873817   0.23774760   0.02866961   0.22313254   0.16859503   0.12151798   0.14634018   0.24558559   0.01804892   0.20546465   0.10342194   0.17499426   0.16497029   0.10042195   0.13944196   0.08956485   0.09952850   0.05390611   0.12708878   0.11307139   0.10016266   0.06497010   0.03249578   0.08005968   0.10550381   0.13396526   0.07684907   0.09559290   0.21742795   0.00233348   0.14383269   0.19928554   0.08914962   0.23801580   0.12989092   0.18602198   0.04165585   0.10319311   0.02165650   0.20939070   0.05109597   0.21252122   0.11603508   0.32602069   0.31592829   0.15451920   0.09353440   0.23623491   0.26704712   0.30692424   0.23464572   0.24197926   0.32515708   0.39103067   0.30753487   0.49141389   0.40974588   0.30847827   0.46559128   0.34829730   0.46812252   0.47102424   0.34180136   0.36410085   0.38144204   0.38085064   0.25703979   0.28005919   0.22492348   0.20617664   0.21347523   0.33200765   0.34264634   0.31312753   0.34133805   0.10569877   0.08439666   0.14879543   0.21673844   0.26568619   0.30450439   0.08223369   0.24259792   0.26095817   0.15736052   0.25950645   0.13353916   0.26349899   0.18582767   0.19791290   0.14085081   0.17977718   0.38553874   0.08062650   0.16438397   0.17003108   0.06902049  -0.00678753   0.12494571  -0.00297800   0.09029458   0.05419008   0.13456271   0.14066229   0.12470498   0.06508409   0.18606670   0.11973913   0.18437963   0.16052129   0.16290066   0.17038164   0.06856269   0.10823578   0.16803197   0.08105789   0.12250816   0.19867406   0.17709441   0.20200850   0.14774791   0.24609083   0.14234720   0.15283535   0.10603662   0.11773085   0.09756439   0.14337644   0.08386080   0.00669368   0.04950307   0.17064596   0.19524788   0.20032718   0.19545872   0.14382124   0.05925883   0.21160750   0.10851661   0.22447810   0.18703742   0.26553781   0.14683015
 0.29714622   0.06453917   0.20448273   0.20568781   0.22217524   0.26738401   0.16776790   0.28541517   0.15130380   0.27553276   0.32514051   0.38705585   0.25009719   0.43292064   0.35036027   0.25413158   0.40209133   0.42227171   0.36230305   0.39020017   0.17248595   0.25154790   0.23669644   0.27588008   0.19794310   0.21636797   0.26096604   0.37883869   0.21172194   0.28662892   0.35884046   0.15685081   0.20507451   0.24104795   0.37175002   0.31716950   0.00000000   0.34732428   0.41446426   0.24656188   0.19339982   0.10545800   0.17189845   0.30658144   0.28248341   0.34915324   0.07662947   0.21373543   0.06413698   0.11337856   0.09761066   0.04586302   0.07782395   0.10712866   0.13924466   0.10708978   0.37769130   0.00636555   0.16668486   0.01512432   0.34709484   0.07155976   0.06149757   0.12009710   0.20923192  -0.00608327   0.15100007   0.02404926   0.11460145   0.04318979   0.07149903   0.13251671   0.14926946   0.04062725  -0.01249879   0.08673300   0.07209176   0.07286034   0.02996726   0.00918548   0.06413150   0.10800573   0.16882422   0.00942407   0.09236987   0.17281980  -0.00543529   0.13061450   0.14181324  -0.00586813   0.20572549   0.15043526   0.13041271   0.00450826   0.07174638   0.02756473   0.16344340   0.03752377   0.15760838   0.06915814   0.27915525   0.31155810   0.15989997   0.11555913   0.26828795   0.28624228   0.27933830   0.19795563   0.25915883   0.28712892   0.34979905   0.33764421   0.39389148   0.36633065   0.24835369   0.35270135   0.35211374   0.41442754   0.43737156   0.38610387   0.35710831   0.30389356   0.39144970   0.18467595   0.24330507   0.15603503   0.15170817   0.23786035   0.28912429   0.27713683   0.30500909   0.30248019   0.13875945   0.10037837   0.15663437   0.19501814   0.27664409   0.31041851   0.11809976   0.39739987   0.35282285   0.26640491   0.22132784   0.12100951   0.24272056   0.23398060   0.24018501   0.16758474   0.27003338   0.43639787   0.07731608   0.11799907   0.19970464   0.04300560   0.01483443   0.08451670   0.01914606   0.09888492   0.00389115   0.10233599   0.15728779   0.12685596   0.03490201   0.14619389   0.01041186   0.14341815   0.15565205   0.12343361   0.13651747   0.04929367   0.09680364   0.11349242  -0.01753662   0.00009766   0.09320608   0.08810504   0.07248055   0.09491879   0.20414081   0.05714958   0.17017785   0.09368772   0.06312325   0.05560598   0.10772290   0.05376017   0.01734015   0.05720651   0.14009887   0.14695196   0.18837567   0.13235370   0.07189938   0.01515308   0.17654634   0.07913778   0.19459885   0.18305022   0.29602826   0.13305829
 0.33941672   0.53372616   0.44098448   0.61317797   0.62157967   0.64023448   0.18742617   0.23993848   0.13887708   0.29111215   0.21547144   0.62556899   0.11538482   0.28255038   0.09505210  -0.00893054   0.43891983   0.39538449   0.44694148   0.38356307  -0.05047507   0.06646722  -0.00832234   0.08010736   0.10557462  -0.04588141   0.04303211   0.18484315   0.28942830   0.48963097   0.57651858   0.56796451   0.70405782   0.73266734   0.27746217   0.24614277   0.34732428   0.00000000   0.47803883   0.25564124   0.07981822   0.00330291   0.14851576   0.45974276   0.23593388   0.35072399   0.31861043   0.57148479   0.02095224   0.14168461   0.10807914   0.08352224   0.09279524   0.14462055   0.13387400  -0.00837834   0.45098666   0.39786912   0.45569634   0.24833355   0.60743612   0.31898758   0.04176673   0.21509130   0.38492808  -0.04283464   0.44894730   0.35799870   0.41887851   0.18448912   0.38498958   0.56580618   0.77993784   0.28572845   0.19248021   0.40811548   0.20531229   0.23863769   0.55708042  -0.01612462   0.27151161   0.12716395   0.05994135   0.01956007  -0.04524353   0.13910513   0.00845152   0.20921494   0.40428854   0.13394503   0.42640782   0.03388304   0.30952961  -0.01446588   0.02299643   0.44683469   0.25893398   0.05038726  -0.02261928   0.25353248   0.29444536   0.49271216   0.59321828   0.58661472   0.57315781   0.68968530   0.27458772   0.23441097   0.44615361   0.25411173   0.37672516   0.66619836   0.27171147   0.24807533   0.07446461   0.20514049   0.42394417   0.43777327   0.43704833   0.50053682   0.64441742   0.43894451   0.52145040  -0.01579159   0.10080393  -0.05890705  -0.11503845   0.10011662   0.19211126   0.09041772   0.54168299   0.33529655   0.56964781   0.71968102   0.52534980   0.78447878   0.24664313   0.28664661   0.73731372   0.80210777   0.48577545   0.34700407   0.22871304   0.04993150   0.10341347   0.18796173   0.27588078   0.17475192   0.37670711   0.59090861   0.34050559   0.38780826   0.58975421   0.02071501  -0.02424332   0.19665262   0.07498708   0.07225775   0.02443273   0.30781225   0.14369625   0.16541984   0.03520436   0.10879369   0.48625335   0.47414925   0.53842665   0.25939183   0.08425197   0.02670615   0.15132908   0.50732583   0.29343751   0.28652073   0.36103876   0.45827816   0.32328340   0.45048241   0.52889133   0.35815110   0.73041121   0.61482333   0.37350845   0.29189590   0.52069551   0.39732328   0.00947817   0.08650294   0.29840008   0.28331164   0.19588654   0.46909068   0.07821365   0.28602084   0.27386665   0.05221319   0.13587383   0.20910768   0.41584103   0.26167322
 0.45479002   0.14991082   0.44584304   0.26589576   0.39731534   0.37607089   0.26010327   0.43736249   0.22526543   0.44043784   0.38184641   0.52284567   0.31378939   0.46667920   0.32285582   0.18971107   0.47578453   0.51281319   0.42579468   0.44720374   0.18136591   0.31483841   0.23734516   0.33719535   0.30802604   0.20305898   0.25474606   0.43790689   0.39320362   0.42742743   0.54868497   0.27729046   0.32858199   0.37079586   0.48842015   0.32775252   0.41446426   0.47803883   0.00000000   0.49947362   0.32133938   0.15827722   0.31897731   0.49182894   0.43054736   0.43626309   0.27179005   0.36475580   0.13040585   0.19175733   0.16105387   0.04904550   0.10872672   0.10363671   0.19045714   0.15977978   0.55346527   0.01677247   0.27626280   0.08028043   0.54294337   0.21770423   0.09673902   0.28460020   0.42569522  -0.00146861   0.31958660   0.07899998   0.25558400   0.07501027   0.10453512   0.31956130   0.26719614   0.14819521  -0.01211566   0.14153027   0.12084491   0.14954104   0.11195799  -0.01819868   0.10883099   0.11188545   0.14203014  -0.03812773   0.04414067   0.17600600   0.00317420   0.14768480   0.21543855   0.07135447   0.26378056   0.13688219   0.23620635  -0.01186779   0.06009416   0.11006070   0.30899555   0.09092629   0.11848760   0.15950162   0.43541396   0.41936281   0.32949869   0.20838971   0.43162179   0.42450091   0.38768303   0.37174701   0.47130662   0.40941715   0.46119894   0.47897608   0.41339915   0.47136664   0.30116215   0.36623395   0.45684944   0.50798311   0.49282331   0.50024524   0.45311877   0.29551972   0.45699982   0.24156458   0.30804691   0.16129622   0.12502452   0.32466762   0.39972207   0.28473440   0.52241369   0.41425796   0.28247576   0.21480927   0.28312030   0.31532978   0.41352972   0.36979830   0.25189267   0.52666199   0.57946601   0.54492371   0.37746015   0.19107870   0.35339091   0.38740686   0.42768248   0.27830269   0.43825540   0.64080571   0.20986599   0.30833845   0.34175082   0.06940097   0.04061561   0.17698837   0.03934129   0.18167774  -0.00286217   0.17807974   0.22224799   0.16971647   0.07973416   0.25725920   0.07470886   0.29842519   0.32574818   0.24881816   0.23638025   0.06021432   0.10928559   0.26482249   0.01627137  -0.00458095   0.22979390   0.21170258   0.17106468   0.20702738   0.34407372   0.12233294   0.33802069   0.18891273   0.19476023   0.18496156   0.20735881   0.14553548   0.01467124   0.10091951   0.20736253   0.28810432   0.22309612   0.25051615   0.08307852   0.08591165   0.34361828   0.12104870   0.22019478   0.21720203   0.47878119   0.31382121
 0.35672603  -0.06744159   0.23501495   0.02316286   0.27659518   0.14201506   0.31376833   0.32498945   0.22686428   0.34580043   0.31962328   0.31580022   0.26876691   0.28946465   0.17643215   0.07463588   0.22828678   0.27013063   0.22495319   0.23894582   0.30702159   0.45263712   0.31568082   0.48915586   0.55187077   0.34259926   0.28968183   0.34184179   0.40810278   0.23005403   0.34837326   0.11773533   0.06526434   0.20998739   0.60651834   0.14230752   0.24656188   0.25564124   0.49947362   0.00000000   0.48386784   0.33864511   0.56659845   0.37525935   0.43236189   0.35744425   0.49952966   0.25821546   0.22939170   0.18613392   0.13445516   0.00185947   0.07410468  -0.01567333   0.18664603   0.22328785   0.48835196  -0.14779704   0.27301599   0.05630577   0.35967108   0.30745227   0.13161358   0.52194435   0.24184036   0.01626984   0.16246076   0.02242968   0.09573783   0.06466944  -0.02438626   0.18308362   0.08885745   0.09076063  -0.21188656  -0.08811854  -0.08012493   0.02525756  -0.10070147  -0.06318815  -0.11578367   0.03932157   0.15531860  -0.15862491   0.16730919   0.11759169  -0.03073976  -0.01985404   0.01854484   0.00445120   0.02326667   0.18890027   0.23260008  -0.02537967   0.04417780  -0.10241838   0.18255089   0.10469367   0.20108598  -0.00511600   0.38659598   0.18114613   0.05339205  -0.04083301   0.17622686   0.14049001   0.24298270   0.26933405   0.28515872   0.31805948   0.32214790   0.20669039   0.22449574   0.35731867   0.24732792   0.15537324   0.24564264   0.19222224   0.20791683   0.25712243   0.19596174   0.06011599   0.19589827   0.33515672   0.35943400   0.21701722   0.24923298   0.47022258   0.46002498   0.26285798   0.36578441   0.21801667   0.06290569   0.00224423   0.12288540   0.04970769   0.58093581   0.31031822   0.08264948   0.31243731   0.37183029   0.78664006   0.30543685   0.28575401   0.43103926   0.55491857   0.42554637   0.24573164   0.42210729   0.44217774   0.27017822   0.38533313   0.21627779   0.08107834   0.13279829   0.12318957  -0.01614029   0.22268222  -0.06483719  -0.01382980   0.20306920   0.06924127   0.10505394   0.30336326  -0.12761647   0.28537776   0.17286261   0.34842319   0.28396844   0.03650628  -0.02664372   0.01685376  -0.14898323  -0.14283041   0.14978440   0.04645980   0.04715603   0.03851452   0.19538237  -0.12255626   0.12587100  -0.06288740   0.08232754   0.13851957  -0.05499984  -0.05873283  -0.03114359   0.06065424   0.01343833   0.14782917   0.19620726   0.03223578   0.07619804  -0.11286964   0.21313273   0.15659155   0.24128574   0.11590765   0.32486461   0.43100691
 0.30898954  -0.07064788   0.21729730   0.00512228   0.06754673   0.08307916   0.24307643   0.33499247   0.18799235   0.32515812   0.33012504   0.27734397   0.29646221   0.29490261   0.27842773   0.21473700   0.19887615   0.23658354   0.24202140   0.24704378   0.37688130   0.48964194   0.40108819   0.48776353   0.42402610   0.37338840   0.35531812   0.37176411   0.27101459   0.15704941   0.19840718  -0.02158707  -0.05159522   0.03665018   0.36770603   0.16573347   0.19339982   0.07981822   0.32133938   0.48386784   0.00000000   0.33067248   0.42974633   0.30065008   0.36892914   0.31641975   0.20673595   0.16208069   0.21853350   0.22399211   0.13975039   0.04253761   0.09238021   0.01196350   0.15245140   0.30229400   0.27619601  -0.13429284   0.10302817  -0.02456605   0.17914455   0.16995728   0.11717616   0.25650583   0.14778368   0.01852349   0.07440557  -0.00848270   0.03746859   0.04113216   0.01851510   0.05385986  -0.06112099   0.06491281  -0.12378393  -0.07121496  -0.01121164   0.07235548  -0.10577022   0.00224879  -0.05748832   0.10479449   0.18557998  -0.02895557   0.23012378   0.20372341   0.02272168   0.06096190   0.08974378   0.03963373   0.08439489   0.31919932   0.17154661   0.05327460   0.15010632  -0.16324351   0.15094827   0.07175236   0.26915903   0.01853707   0.34576332   0.15934848   0.02402813  -0.05323633   0.10191331   0.10514255   0.24611212   0.25283662   0.24654954   0.31300868   0.30711279   0.14468488   0.27960250   0.35894112   0.31391592   0.25448406   0.18429912   0.22984473   0.23507117   0.16224082   0.16789545   0.12284149   0.19442183   0.40642308   0.39818954   0.29559629   0.32417967   0.40449570   0.45005464   0.33316843   0.24925342   0.19536540  -0.05000458  -0.13918338   0.02796463  -0.04324901   0.33997676   0.26646799  -0.07171925   0.13145377   0.19896188   0.48922164   0.23145932   0.28046144   0.41638404   0.46605832   0.34579208   0.20080455   0.30472404   0.34865943   0.16808766   0.17132440   0.14548668   0.15310020   0.15470554   0.15859914  -0.01270688   0.22767598  -0.01655319   0.04080223   0.23163822   0.07869591   0.10655225   0.23412235  -0.13131600   0.12759751   0.01217159   0.21465981   0.23648880   0.07492278   0.02157977  -0.03688274  -0.04821560  -0.05106140   0.09495114   0.01611688   0.02415491   0.01906820   0.16212023  -0.06608449   0.00202611  -0.09683784   0.06193552   0.09440831  -0.06914938  -0.04310147   0.01848769   0.06294789   0.02843912   0.13019165   0.21422808   0.05614495   0.12190638  -0.11059742   0.15988284   0.12502220   0.24578980   0.10620998   0.22213399   0.30123311
 0.16973748  -0.11124671   0.05643523  -0.05057870   0.02042940   0.00969672   0.15081203   0.16495810   0.08271579   0.13835167   0.17583962   0.10309625   0.15869043   0.12899070   0.12168268   0.09655214   0.07257512   0.08877794   0.07927762   0.10799060   0.25077822   0.26693155   0.22394171   0.32570632   0.25415471   0.24767085   0.21264315   0.19086713   0.13472896   0.07559510   0.07748816  -0.03120647  -0.08417396  -0.01810520   0.25546033   0.07000706   0.10545800   0.00330291   0.15827722   0.33864511   0.33067248   0.00000000   0.29630717   0.12261172   0.18395649   0.16662622   0.12155692   0.04735218   0.17307189   0.09391166   0.04791519  -0.00844842   0.05098844  -0.02222356   0.07773480   0.18134811   0.17902106  -0.16196864   0.02063178  -0.02767564   0.06939069   0.05682610   0.03588639   0.20077358   0.03852131   0.01836798  -0.04431278  -0.06856876  -0.05210483  -0.02248623  -0.04066172  -0.03358705  -0.08227503  -0.03588500  -0.16097026  -0.11823802  -0.09094566  -0.03385400  -0.15839051  -0.02510146  -0.11930272  -0.00687935   0.13361369  -0.08152184   0.14019897   0.08764632  -0.01741840  -0.00623837  -0.03039874  -0.02805350  -0.00934648   0.18027298   0.04107631   0.01724154   0.07191373  -0.16334288   0.04734287   0.01795217   0.13636303  -0.06129482   0.19383398   0.07834517  -0.07009263  -0.09861907   0.02882665   0.00113954   0.13769659   0.11420398   0.07197865   0.15686074   0.14604846   0.04296503   0.10543898   0.20184961   0.18376198   0.08862839   0.09421783   0.06659560   0.06625533   0.05976754   0.04171391   0.00911956   0.04990871   0.23460376   0.22067277   0.16615433   0.19848798   0.26354162   0.25421364   0.16860691   0.12428589   0.06789831  -0.05537172  -0.11858277  -0.03051221  -0.07932120   0.25322805   0.13278273  -0.06697459   0.03386739   0.11063644   0.31943216   0.15183222   0.14873932   0.24257659   0.32064755   0.17472509   0.10172669   0.13817904   0.16475955   0.08703145   0.07663350   0.04324652   0.09829535   0.08944825   0.03272665  -0.03042940   0.14257488  -0.03171184  -0.04084326   0.10754089   0.02621762   0.06371618   0.12413590  -0.15815588   0.04250644  -0.02035305   0.13996053   0.14566855   0.03395426  -0.01699626  -0.09756034  -0.10037163  -0.08675430  -0.00043844  -0.05247387  -0.04921034  -0.05839454   0.05991573  -0.12120575  -0.04484446  -0.13572489  -0.01518567   0.03298893  -0.11340408  -0.12327084  -0.01753391   0.02200284  -0.03275914   0.01880554   0.11783929  -0.03168539   0.04410705  -0.12219583   0.06330296   0.08378618   0.16157414   0.07992322   0.09574125   0.20605728
 0.29238218  -0.03302368   0.22129400   0.02403914   0.13270773   0.11923252   0.21782715   0.28871102   0.13986304   0.30149698   0.25604027   0.30427426   0.22227293   0.16616477   0.12324412   0.03563710   0.15170595   0.19186105   0.15874329   0.16269904   0.26432780   0.33137592   0.27144148   0.40664074   0.49846670   0.25253612   0.21294633   0.25218671   0.24178606   0.14193199   0.22573823   0.01819415  -0.02792456   0.11645583   0.36544781   0.10645873   0.17189845   0.14851576   0.31897731   0.56659845   0.42974633   0.29630717   0.00000000   0.33638118   0.38335061   0.30695906   0.45273190   0.29518905   0.28903508   0.24279187   0.09840846   0.05316551   0.09975248   0.03158000   0.16258499   0.19322695   0.26478635  -0.05743513   0.19740496   0.05200522   0.28640127   0.29366423   0.18475891   0.41580984   0.13285887   0.00934426   0.13290682   0.11820588   0.14301070   0.11428238   0.11951656   0.12200540   0.02555958   0.09181409  -0.18479807  -0.08765639  -0.11879697   0.04626696  -0.05674304  -0.09282190  -0.10580614   0.07555929   0.14311729  -0.06879024   0.20676775   0.22750635   0.11714226   0.04892868   0.09829062   0.12610066   0.15037277   0.33870323   0.18755974   0.15001275   0.29293788  -0.13841970   0.08992576   0.04650909   0.18658715   0.02231961   0.29101902   0.13223700   0.05548348  -0.03824675   0.10533762   0.14841719   0.21184158   0.22585239   0.25375565   0.27887255   0.26287625   0.18812819   0.17927630   0.27860791   0.19895311   0.14275828   0.11335068   0.13686467   0.15150624   0.13240577   0.13711570   0.04070070   0.14087730   0.23634842   0.21660698   0.16039772   0.19429536   0.32888356   0.32396309   0.17984955   0.20876656   0.10813954  -0.02924744  -0.06527959   0.05050936   0.01262398   0.31097093   0.19682056   0.02668975   0.15458062   0.21598364   0.53141319   0.19498597   0.21610843   0.30411161   0.45396593   0.35605889   0.18908248   0.32571326   0.35805029   0.35316040   0.30390519   0.27890810   0.14712792   0.14411010   0.21643806   0.01059458   0.19171463  -0.10424782   0.01275706   0.15068035   0.04640534   0.06128134   0.18921817  -0.09776011   0.23187176   0.09129887   0.34016942   0.18619461   0.06468504  -0.05512717   0.00236178  -0.01706508   0.00623053   0.16258538   0.07359825   0.03854901   0.11953459   0.26720594  -0.08305338   0.09065667  -0.06285195   0.10676525   0.18603441  -0.06246012  -0.07119775  -0.01199631   0.07674518  -0.01798294   0.13761905   0.14593535   0.09561583   0.18155013  -0.14669752   0.12392467   0.09593615   0.13966920   0.05505220   0.22084100   0.37952428
 0.43259257   0.20901445   0.44929491   0.27598007   0.38499890   0.37677899   0.28663208   0.43190840   0.24916389   0.44460602   0.39934659   0.56295512   0.29586384   0.39023010   0.29734015   0.15683728   0.41044564   0.41820943   0.44835126   0.41080307   0.17717347   0.32595073   0.24394490   0.31336382   0.30396903   0.17468858   0.23751358   0.38336282   0.32722895   0.38020849   0.52107843   0.23807475   0.32418237   0.37918099   0.35704457   0.28355693   0.30658144   0.45974276   0.49182894   0.37525935   0.30065008   0.12261172   0.33638118   0.00000000   0.38809183   0.39727875   0.32249174   0.43635587   0.15251230   0.24314947   0.15808002   0.09795073   0.09160942   0.12511584   0.18337136   0.15284987   0.41249444   0.14058226   0.29933501   0.09968474   0.47509560   0.27878832   0.10690101   0.23641695   0.29920543   0.02595314   0.34715907   0.25493830   0.28200795   0.15769827   0.27092862   0.41988746   0.32528723   0.23923670   0.04546777   0.19190046   0.14775965   0.25820817   0.24678306  -0.01016573   0.14604077   0.17866071   0.13860213   0.02282438   0.10183848   0.24370830   0.11917666   0.20592504   0.30283370   0.17820005   0.33048959   0.21548903   0.23896826   0.08248211   0.16220949   0.17329752   0.32185800   0.08917408   0.13740466   0.25527133   0.42639697   0.40136238   0.34208999   0.26103616   0.41988011   0.45418784   0.39732054   0.36917583   0.46913773   0.43787587   0.46910991   0.50962826   0.40217577   0.43896894   0.29510773   0.36364218   0.35520389   0.45083642   0.46650046   0.38458593   0.48931348   0.34973951   0.43359705   0.24896166   0.28682498   0.15910972   0.12626825   0.26217026   0.35082808   0.28355983   0.47233222   0.37222851   0.25165394   0.25628794   0.28136655   0.36274097   0.28460656   0.33560974   0.29303553   0.44627651   0.42560263   0.46086963   0.30650221   0.17501675   0.32912091   0.34326531   0.38847281   0.27025894   0.43555980   0.57319944   0.33277655   0.33735097   0.42822779   0.10423264   0.03120035   0.25005945   0.04120535   0.16173925   0.02298533   0.24327843   0.23910854   0.16512286   0.08288097   0.20670799   0.19170971   0.33050890   0.32269651   0.26760104   0.20188965   0.09707224   0.10795157   0.28396348   0.18940992   0.15759909   0.31392639   0.30061247   0.25659716   0.31548994   0.44169038   0.19351943   0.41076378   0.27851704   0.29841277   0.33400330   0.27049831   0.24131698   0.04951166   0.12301958   0.21343495   0.34654303   0.23250089   0.34595790   0.16276099   0.13473486   0.35130972   0.15657290   0.21229343   0.20233773   0.42325335   0.38450536
 0.36382740  -0.01020281   0.32489371   0.09245295   0.17738132   0.18582197   0.25399529   0.41149545   0.23408740   0.43315087   0.38075951   0.39982310   0.34583726   0.36938380   0.28932953   0.17555555   0.33432292   0.36781983   0.32539418   0.35204384   0.26864330   0.40777283   0.33200892   0.42719526   0.33622202   0.26104988   0.32754497   0.41110711   0.29601409   0.24359189   0.34565951   0.06664159   0.11793603   0.19299011   0.37222374   0.20447002   0.28248341   0.23593388   0.43054736   0.43236189   0.36892914   0.18395649   0.38335061   0.38809183   0.00000000   0.39952517   0.21568907   0.26794858   0.21989608   0.26092874   0.17235764   0.06571631   0.07594056   0.05989135   0.15158654   0.20207474   0.35981378  -0.03061812   0.18948564   0.02665170   0.36235813   0.22319845   0.14355217   0.22731297   0.25710492   0.04462334   0.22965323   0.07524467   0.17192106   0.07907280   0.08014152   0.20422446   0.07056774   0.12173069  -0.02668823   0.07923712   0.07108368   0.12430743   0.00636069   0.02138915   0.05687539   0.11774013   0.15800355   0.01849862   0.14659012   0.20019973   0.00993353   0.11717755   0.16518123   0.09054547   0.19814772   0.22362579   0.20682914   0.00455659   0.10165088  -0.01835255   0.27594382   0.09320398   0.21695054   0.11104513   0.36956880   0.27648649   0.14042874   0.03908624   0.23449589   0.24295304   0.31771341   0.31880052   0.37131210   0.39386896   0.39359256   0.30802557   0.36012782   0.43504793   0.34452506   0.32250231   0.31187354   0.37115077   0.37563505   0.28736396   0.30169602   0.19958567   0.31467461   0.34222359   0.35027717   0.22878409   0.25637303   0.36862874   0.40055326   0.34195072   0.33448474   0.33644299   0.06568189   0.01240740   0.11125024   0.10518938   0.35905034   0.28943849   0.04033996   0.27243374   0.34618421   0.44620276   0.28683913   0.21120966   0.35640141   0.40493712   0.42816138   0.25805330   0.34531363   0.51465440   0.18367339   0.18857710   0.23199530   0.10540005   0.10139016   0.23065096  -0.00254410   0.16469622   0.00574913   0.10367228   0.18640532   0.08046299   0.06403380   0.23105933   0.00468644   0.20682717   0.16452635   0.19296350   0.22880711   0.06352487   0.04085838   0.12755565   0.01535928   0.01130258   0.17591898   0.12291120   0.12477097   0.11683986   0.24050007   0.05399666   0.15037412   0.03589865   0.12325480   0.13833650   0.08413858   0.06419668   0.02133464   0.10689223   0.10043251   0.19587604   0.22305950   0.13866918   0.08799858   0.01322864   0.29040638   0.11589134   0.24292186   0.17156813   0.34549203   0.28286809
 0.36249828   0.05118754   0.28935404   0.15472722   0.19879102   0.25613492   0.25719817   0.41422291   0.25219839   0.41085927   0.44623233   0.48875629   0.38820536   0.52428523   0.44854134   0.33310639   0.42938633   0.49383740   0.55211205   0.47225236   0.26828676   0.36709111   0.34892249   0.45986123   0.26362277   0.31688652   0.42476117   0.53876567   0.29492539   0.25850465   0.40300500   0.11241525   0.20514209   0.21203308   0.45757433   0.31205958   0.34915324   0.35072399   0.43626309   0.35744425   0.31641975   0.16662622   0.30695906   0.39727875   0.39952517   0.00000000   0.12432816   0.24875022   0.13867935   0.17387202   0.16889597   0.06397740   0.07796740   0.08796922   0.18390956   0.17439664   0.33952574  -0.01609945   0.19050382  -0.05613014   0.37517377   0.18970316   0.16852102   0.26592260   0.28838283   0.04211739   0.22260655   0.08126470   0.19283373   0.12917226   0.08030554   0.18656945   0.16810697   0.04640120   0.01245081   0.13700572   0.14446252   0.11293601   0.08898613   0.03530099   0.10599999   0.13877151   0.18387947   0.03022042   0.14919432   0.27105107   0.01404958   0.24414362   0.30456638   0.10772924   0.36528769   0.24769684   0.21569491   0.08305865   0.16014526   0.05503846   0.29361003   0.09000480   0.21710286   0.15428704   0.41630671   0.35122371   0.20431662   0.09767602   0.28646611   0.34715024   0.38435621   0.34507004   0.36071949   0.45144707   0.49245781   0.43477746   0.49891338   0.53005462   0.41368392   0.47742711   0.37134959   0.53246452   0.52189811   0.43472585   0.48138706   0.43153332   0.48935217   0.34338209   0.34539963   0.28244365   0.28265321   0.41408820   0.48813295   0.43735251   0.37645555   0.39924272   0.10456120   0.13371519   0.11939934   0.21685625   0.40601929   0.40451526   0.18295584   0.37835337   0.38408013   0.39578137   0.31243871   0.17993685   0.35607384   0.37214579   0.39999964   0.25328215   0.33248849   0.64073389   0.12396973   0.21195934   0.21938550   0.08123574   0.05735804   0.18037701  -0.00391300   0.17716441   0.03948947   0.19250669   0.22503912   0.14247184   0.08106939   0.23172668   0.05625191   0.20917078   0.17944290   0.22530052   0.26438418   0.08035407   0.13376839   0.15402343   0.03635640   0.02902697   0.24007094   0.18296376   0.18261247   0.14113366   0.35816809   0.14059102   0.21941601   0.14764878   0.11641449   0.16398029   0.16117921   0.10052424   0.01317541   0.08434412   0.26696523   0.23419369   0.28111357   0.29614228   0.19964971   0.09329390   0.32124229   0.14731972   0.28079940   0.20210039   0.35281167   0.27493623
 0.22215483   0.14675302   0.28047548   0.10327568   0.32104618   0.17202572   0.13931990   0.14345482   0.07316344   0.16955169   0.04421606   0.21871997   0.04822784   0.02592154  -0.05999601  -0.14695265   0.09130809   0.08103175   0.09774000   0.04732705   0.00870873   0.12605040   0.02842359   0.06182228   0.32041995  -0.00633047  -0.04819507   0.03128377   0.21435515   0.15774793   0.25333104   0.22722862   0.13928766   0.43588349   0.30475688   0.07010104   0.07662947   0.31861043   0.27179005   0.49952966   0.20673595   0.12155692   0.45273190   0.32249174   0.21568907   0.12432816   0.00000000   0.52989291   0.14909365   0.20070857   0.04429154   0.04250073   0.05502790   0.03026822   0.08647565   0.05027605   0.24690198   0.27492987   0.61914799   0.32478860   0.37952118   0.57011635   0.09039308   0.51667505   0.14135755  -0.02332420   0.37296133   0.55731327   0.36348166   0.31445140   0.33926088   0.34978863   0.27892685   0.25680769  -0.10587120   0.11106499  -0.19904296   0.15368917   0.13635858  -0.10420884  -0.08271417   0.06148009  -0.09248124  -0.07167165  -0.03034424  -0.00138393   0.01873629  -0.10565417   0.06355002   0.17547683   0.10176331   0.05904834   0.29083634   0.04521212   0.14678066   0.06395648   0.03759006   0.05383303  -0.05464757   0.01240056   0.14267710   0.06300156   0.21671802   0.13274299   0.11852772   0.16272139   0.12743470   0.15594675   0.27211021   0.11015908   0.11763633   0.14615054   0.06839245   0.05417543  -0.01702371  -0.01092775   0.07232249   0.02953579   0.04304082   0.12066249   0.14954557   0.01829359   0.09968846   0.02578625   0.04444765  -0.02352022  -0.02142683   0.05033719   0.06588084  -0.05180518   0.19942996  -0.02805347   0.13203201   0.15873113   0.30299919   0.24621652   0.19039476   0.07097251   0.25021413   0.21630892   0.22221538   0.46319582   0.15120595   0.11440092   0.11245777   0.21996626   0.22691288   0.14139905   0.35114162   0.22567125   0.63966014   0.59517028   0.52842595   0.06437147   0.09000919   0.26723724   0.03504865   0.06921104  -0.12798414  -0.01523842   0.08108993   0.05678268   0.03205041   0.10919740   0.21523544   0.54390563   0.37914265   0.47311081   0.06446774   0.05349050  -0.09735349   0.27325081   0.19011476   0.34302092   0.27687446   0.30821500   0.24049106   0.34817403   0.28195043   0.04222161   0.27778149   0.11541539   0.25107361   0.37598279   0.11082447   0.04655255   0.00894123   0.09349452  -0.11747588   0.13933377  -0.01208115   0.10891943   0.10302509  -0.03631020   0.06338860   0.04491231  -0.06282971  -0.01078968   0.21225032   0.43176818
 0.22366669   0.34509523   0.38678681   0.28106871   0.39126232   0.27941377   0.13203109   0.19979728   0.12941776   0.26005206   0.16989682   0.40348166   0.10687530   0.14110698   0.05735397  -0.03837354   0.25497672   0.26634066   0.32173832   0.23219616   0.00890096   0.12139781   0.01442942   0.09169078   0.14974231  -0.02061393  -0.00425201   0.12241600   0.18099074   0.26431578   0.41270282   0.31156453   0.41601849   0.57304287   0.19684792   0.17730163   0.21373543   0.57148479   0.36475580   0.25821546   0.16208069   0.04735218   0.29518905   0.43635587   0.26794858   0.24875022   0.52989291   0.00000000   0.14762356   0.25991916   0.10801517   0.10691967   0.08227694   0.15394475   0.11103055   0.03881655   0.27638766   0.40528607   0.53728150   0.29710582   0.62617858   0.50036138   0.00588585   0.25303441   0.23765975  -0.02444085   0.48182121   0.61539984   0.50852253   0.22267337   0.68057180   0.60440502   0.56866295   0.40026689   0.22391041   0.53780089   0.13960517   0.32065451   0.50808843   0.01034909   0.30539854   0.22679045  -0.01316929   0.13467531  -0.02270887   0.07292525   0.11786473   0.21321593   0.43898690   0.20084105   0.42910366   0.11146900   0.30297475  -0.01722374   0.07589872   0.42590046   0.25786973   0.06678557  -0.06039513   0.28066191   0.17783361   0.21489040   0.40750859   0.33853202   0.25958151   0.35712360   0.22063166   0.22416903   0.38557203   0.19539836   0.26539496   0.36585644   0.18597344   0.15252569   0.04653516   0.14019156   0.21320934   0.27783375   0.23960894   0.29812022   0.40603131   0.25507684   0.32068240   0.01823731   0.07242385  -0.04478058  -0.06154901   0.06858218   0.11825120   0.02392276   0.33652286   0.16549519   0.27579745   0.41596116   0.33202576   0.46702096   0.13003234   0.18648354   0.49774563   0.39842683   0.31730168   0.28923749   0.15143280   0.06715822   0.10317830   0.16456517   0.25807139   0.19083854   0.40100619   0.42288087   0.54196019   0.37759808   0.75264603   0.06965610   0.02763550   0.36624975   0.06062041   0.03542150  -0.03579684   0.34027274   0.10348369   0.11926504   0.04016066   0.04633540   0.42463735   0.44960235   0.60019025   0.27068406  -0.00305853   0.07958181   0.10410158   0.43496040   0.39654929   0.40017060   0.35776488   0.46190513   0.28045466   0.57362184   0.51019259   0.39109916   0.53792585   0.46792244   0.43048408   0.45118762   0.56689687   0.39261578   0.08890198   0.12874865   0.15070125   0.23208509   0.06640965   0.41764711   0.02088709   0.25764408   0.26803210   0.05740773   0.01216590   0.08186273   0.25665095   0.35758881
 0.15463573  -0.05644662   0.08832755  -0.01457143   0.02972746   0.02417407   0.11670805   0.16609031   0.10514806   0.18559604   0.12220700   0.11380257   0.11547645   0.08816560   0.07663348   0.03743741   0.06419354   0.07448373   0.07339828   0.07323660   0.21354456   0.24535424   0.16001305   0.23691540   0.24763195   0.11804226   0.12679760   0.13653727   0.08912645   0.06079167   0.07951032  -0.00238511  -0.03039631   0.03509018   0.17273357   0.07033492   0.06413698   0.02095224   0.13040585   0.22939170   0.21853350   0.17307189   0.28903508   0.15251230   0.21989608   0.13867935   0.14909365   0.14762356   0.00000000   0.12760075   0.04692190   0.02151632   0.02224253  -0.02533055   0.07601700   0.14412935   0.12069600  -0.04745509   0.12564191   0.02465212   0.13227874   0.16194519   0.09175810   0.21331552   0.04616247   0.01357933   0.04119027   0.01002578  -0.00323277   0.00827028   0.08379358   0.06018739  -0.01830113   0.02988238  -0.14877694  -0.03982077  -0.11482233  -0.02389253  -0.06787878  -0.01193485  -0.08643225   0.05068289   0.05503663  -0.06165112   0.10798450   0.03948882  -0.09100337  -0.07081333  -0.04068947   0.03336984  -0.02826090   0.18820246   0.05920215  -0.06339928   0.06455470  -0.09804659   0.06727391   0.03701393   0.12417377  -0.07115267   0.15476102   0.07378849  -0.02526812  -0.04862442   0.03728353   0.02979618   0.12270176   0.13768636   0.13031562   0.16426983   0.14366300   0.06079879   0.09511932   0.16439138   0.13058005   0.07674949   0.06355091   0.06555191   0.06665520   0.03881273   0.05026918  -0.00189497   0.04284799   0.20087160   0.17205111   0.08442100   0.15442936   0.16571353   0.16896916   0.09865890   0.09625146   0.04605657  -0.01554372  -0.04833976   0.01028779  -0.02403753   0.14717025   0.06564498  -0.00995274   0.00848721   0.09298510   0.22383843   0.12169081   0.10309182   0.17137534   0.23017551   0.21432040   0.06438702   0.13147206   0.15802718   0.10542883   0.11575243   0.15086523   0.15291100   0.13034959   0.15410904  -0.01317913   0.07464943  -0.06551232  -0.05393644   0.05311869  -0.04773565   0.02635922   0.10248431  -0.05626950   0.10420535   0.04070562   0.13735974   0.09169664   0.02771716  -0.07696819  -0.00000434  -0.06660655   0.02050532   0.01391948   0.00899260  -0.00964284   0.03397644   0.02938440  -0.06521984   0.01781719  -0.06244494   0.01399634   0.02463216  -0.05882941  -0.07829537  -0.00519063   0.03253578  -0.08820429  -0.00935998   0.06323721  -0.06381200  -0.00893615  -0.11918893   0.07217709   0.06678282   0.10946774   0.05652628   0.10321596   0.14831576
 0.15169949   0.04258048   0.20506230   0.04394146   0.10413572   0.07437053   0.12754242   0.18919427   0.09838398   0.22066335   0.14645240   0.19167531   0.14677204   0.11542668   0.07886165   0.02663236   0.14276564   0.14659180   0.13007022   0.12480561   0.09981123   0.17251868   0.14308678   0.15180123   0.17669210   0.11367974   0.09125268   0.12810630   0.15672536   0.10405754   0.18377884   0.02389924   0.05250615   0.11109745   0.12174907   0.09432024   0.11337856   0.14168461   0.19175733   0.18613392   0.22399211   0.09391166   0.24279187   0.24314947   0.26092874   0.17387202   0.20070857   0.25991916   0.12760075   0.00000000   0.14554859   0.08056346   0.05562124   0.04579174   0.11956444   0.08971943   0.12439354   0.06494384   0.15467435   0.06253509   0.23559007   0.16411074   0.05998438   0.12861242   0.07274720   0.06146020   0.16018005   0.15574303   0.11311481   0.03672592   0.15149973   0.19478176   0.09644732   0.14360607   0.03782230   0.10986175   0.08438412   0.17737419   0.09884492   0.02621772   0.09824036   0.22414721   0.06202425   0.08637955   0.10020047   0.13412780   0.06249876   0.16159297   0.15347339   0.09584674   0.16586585   0.21604932   0.14279128   0.01681601   0.14677356   0.05789820   0.15337887   0.08444695   0.08360102   0.11489394   0.14765250   0.11632859   0.13163453   0.05908432   0.11904612   0.12216285   0.15489126   0.16412713   0.21741859   0.16446744   0.16267509   0.13462626   0.13779420   0.13236426   0.12514893   0.11279162   0.10482774   0.14936713   0.14358072   0.12537433   0.14246700   0.07615296   0.14378252   0.14748247   0.12468425   0.08779922   0.08236340   0.12401958   0.15006009   0.10132600   0.15771588   0.14144904   0.02021622   0.02978310   0.06818975   0.07832975   0.12490703   0.12103292   0.06761581   0.14602588   0.12802549   0.18901090   0.08796437   0.09883074   0.13913464   0.21213604   0.21519273   0.13459060   0.25269717   0.22980652   0.20783862   0.13420519   0.22286464   0.11565643   0.06011083   0.24570634   0.03750865   0.13735043   0.01415698   0.14755613   0.10660551   0.07832553   0.06482738   0.10848484   0.06875650   0.14951838   0.14225193   0.15115744   0.08353775   0.06957023   0.09282696   0.12039555   0.11439915   0.11454182   0.09183504   0.09740407   0.08238635   0.12303824   0.20017531   0.08987701   0.11705589   0.10753239   0.15614623   0.18848153   0.12603721   0.15875085   0.11052984   0.09499713   0.09499910   0.13339967   0.11614556   0.11209787   0.09789863   0.05760425   0.16950260   0.05701037   0.07217264   0.05256231   0.16385877   0.22049373
 0.11184448   0.01337761   0.24011358  -0.00213701   0.07363216   0.01634583   0.15356542   0.17983178   0.16293701   0.24498949   0.20836358   0.15688278   0.18059255   0.20415907   0.20025795   0.18727729   0.16263454   0.19046334   0.23991259   0.20091596   0.08504141   0.16644700   0.16007519   0.12885179  -0.00054207   0.13169934   0.19755740   0.18842720   0.28504725   0.09200807   0.24378409   0.05604478   0.20360744   0.13299452   0.17311420   0.12586130   0.09761066   0.10807914   0.16105387   0.13445516   0.13975039   0.04791519   0.09840846   0.15808002   0.17235764   0.16889597   0.04429154   0.10801517   0.04692190   0.14554859   0.00000000   0.12440023   0.10199220   0.08469611   0.17989418   0.08701022   0.09109988   0.07857850   0.11556265  -0.00702988   0.13734690   0.29206205   0.33429387   0.18667587   0.28636853   0.09136009   0.30136481   0.16245634   0.26175677   0.24445742  -0.00205478   0.18937490   0.10313499   0.02995684   0.31452847   0.30076267   0.36382354   0.19140758   0.15801317   0.21268105   0.33728974   0.18002622   0.12525556   0.17607042   0.11192720   0.15363628   0.04236458   0.33836635   0.29551835   0.21576833   0.24899316   0.18248685   0.34377077   0.17695021   0.16856499   0.24150096   0.38628444   0.16681409   0.09333686   0.29783197   0.13317881   0.10698484   0.18433336   0.03934935   0.11636453   0.10093049   0.13743264   0.18796470   0.21482791   0.18374378   0.15059435   0.13906291   0.21625022   0.17816347   0.17640554   0.25806594   0.13914588   0.27438418   0.23337888   0.20024208   0.19577203   0.19874823   0.22638261   0.17881245   0.15258863   0.12553894   0.13209044   0.13772131   0.18638877   0.23181736   0.21851176   0.32647922   0.09318287   0.10547475   0.02135664   0.09326839   0.14942808   0.17490534   0.05255122   0.12400272   0.14465837   0.08765920   0.17279018   0.12119336   0.15413396   0.05196383   0.14862160   0.13479342   0.11495454   0.21578911  -0.06740105   0.14766032  -0.05268945   0.04724692  -0.02091283   0.13690205  -0.04010208   0.17619027   0.24838880   0.17420162   0.16634202   0.07229227   0.09407373   0.17159570   0.16745059   0.06317539   0.15529465   0.09477992   0.28729878   0.09710092   0.23111295   0.18376420   0.04673716   0.00844982   0.26171940   0.20172365   0.27778707  -0.02008127   0.16439532   0.22667873   0.08392316   0.17254354   0.05400127   0.12950077   0.22879227   0.27368548   0.08101498   0.07511971   0.37145714   0.24826222   0.17746552   0.19668222   0.17303434   0.32860121   0.33171917   0.11625941   0.15036509   0.10296978   0.15497780   0.07823660
 0.06257516   0.06357238   0.10942059   0.07005252   0.05504115   0.07696403   0.05511184   0.05647534   0.04099671   0.09013392   0.05448699   0.09624564   0.04478662   0.03975783   0.03128600   0.03335399   0.07649373   0.06416455   0.09600768   0.08317557   0.01534260   0.03470223   0.04330715   0.03974209   0.00911835   0.00871395   0.00840372   0.03067758   0.05150890   0.07080681   0.10726378   0.03627788   0.07765272   0.07899324   0.01857495   0.06114232   0.04586302   0.08352224   0.04904550   0.00185947   0.04253761  -0.00844842   0.05316551   0.09795073   0.06571631   0.06397740   0.04250073   0.10691967   0.02151632   0.08056346   0.12440023   0.00000000   0.07405107   0.11479256   0.07616530   0.02549256   0.05729070   0.09192701   0.05235683   0.03506980   0.05432103   0.08274015   0.05950765   0.00316383   0.04340733   0.04497983   0.09463219   0.10957343   0.10465353   0.07103589   0.10605346   0.10969423   0.06248264   0.10154076   0.14033495   0.09858299   0.12567152   0.13324074   0.11391486   0.10038460   0.17933017   0.10904226   0.08829167   0.13114711   0.06038224   0.08334223   0.11819604   0.15366573   0.16313365   0.13829368   0.11528004   0.12493779   0.11541404   0.10813335   0.10467064   0.07463700   0.07605113   0.02505934   0.02610081   0.12860792   0.03072843   0.06657128   0.12086804   0.07940376   0.07848615   0.09498486   0.04669122   0.04043810   0.10758005   0.05833565   0.03319283   0.08619612   0.06502717   0.01397675   0.01964022   0.06083390   0.04790587   0.08725155   0.08394423   0.05230961   0.10326315   0.05795394   0.08199672   0.00485380   0.01749229  -0.00539346  -0.00528201  -0.01451370   0.02406285   0.00269212   0.08355586   0.09643807   0.04660969   0.05060447   0.05516511   0.07876977   0.00195660   0.00922224   0.05743497   0.06144454   0.04065785   0.00945633   0.01917379   0.04941328   0.03692660   0.01373499   0.03236466   0.03016172   0.06370229   0.08151581   0.05527971   0.04770370   0.05711713   0.03961041  -0.00402561   0.08340596   0.03599889   0.07595412   0.06058489   0.17604759   0.07287115   0.07852942   0.03520654   0.03139431   0.09282970   0.04882467   0.04233268   0.02709369   0.03636974   0.05064475   0.09605221   0.07570072   0.12820177   0.05043519   0.07402669   0.09517627   0.12138888   0.08289084   0.11146748   0.11075912   0.08104048   0.09548919   0.08696303   0.11065362   0.11028097   0.16096968   0.05036764   0.03230862   0.15999486   0.10054257   0.04658548   0.13737924   0.09341234   0.11214772   0.05883496  -0.01864849  -0.01366930   0.00252335   0.04938462   0.04488245
 0.08172742   0.01778407   0.07958060   0.07479008   0.08397558   0.07926446   0.05399794   0.07629765   0.05555699   0.07515176   0.06239962   0.11768164   0.08817950   0.07056761   0.05030959   0.03150285   0.08986829   0.07832700   0.08851028   0.09543081   0.06036988   0.08733789   0.05911713   0.05998186   0.07767804   0.05992398   0.04735345   0.06255636   0.10514105   0.09311936   0.11580095   0.06236938   0.07840638   0.06472670   0.08433462   0.07512899   0.07782395   0.09279524   0.10872672   0.07410468   0.09238021   0.05098844   0.09975248   0.09160942   0.07594056   0.07796740   0.05502790   0.08227694   0.02224253   0.05562124   0.10199220   0.07405107   0.00000000   0.10428649   0.11068372   0.04806670   0.13086013  -0.00275821   0.05034182   0.03238899   0.09987868   0.04475270   0.04559747   0.05939834   0.07230796   0.00106852   0.08038366   0.02221724   0.03143959  -0.00216138   0.02506769   0.06094050   0.07206961   0.00449378   0.02850570   0.04393013   0.04034104   0.03474806   0.03686212   0.03041485   0.06702386   0.05034507   0.07208993   0.02093953   0.04945536   0.06590115   0.02643651   0.11341386   0.09391392  -0.02013048   0.08683778   0.11034795   0.10509403   0.00225247   0.06652263   0.04574543   0.06951624   0.03378917   0.07378859   0.06496604   0.07940951   0.10436733   0.08451864   0.04160964   0.10374639   0.09740352   0.05279321   0.05382183   0.07465124   0.07074094   0.07043394   0.10437668   0.09444096   0.05819092   0.04456363   0.08227505   0.07379952   0.09914167   0.07719807   0.06761916   0.10052964   0.06293779   0.07697137   0.04576328   0.05955109   0.05333230   0.03602159   0.03510431   0.06740244   0.03427799   0.12163120   0.11277168   0.06785307   0.06396086   0.04306524   0.05481773   0.06859911   0.06125606   0.05529113   0.08741492   0.10219689   0.10048942   0.05729964   0.05049311   0.05149841   0.06880006   0.06794031   0.06402707   0.09516565   0.10171754   0.02563609   0.05283262   0.04832608   0.02489343  -0.02139388   0.05102623   0.03772298   0.05805592   0.04133985   0.06019509   0.09065664   0.05004649   0.05588517   0.06764694   0.01692352   0.03912929   0.06298075   0.05560055   0.08033110   0.04071323   0.04566968   0.03941495  -0.01120792  -0.02209701   0.01952554   0.02551711   0.02381122  -0.00469105   0.07180171   0.01901754   0.06636239   0.05523324   0.02957101   0.04386958   0.04571615   0.02501995   0.01206658   0.03142498   0.08889474   0.05920580   0.08334134   0.07231844   0.01251370   0.03836899   0.06982417   0.02600052   0.06302682   0.11471824   0.10828853   0.07904095
 0.07497541   0.12246583   0.14488078   0.13144637   0.12408550   0.12098789   0.07301689   0.09231631   0.06156746   0.07715755   0.04574911   0.13669470   0.05639725   0.08045058   0.06835428   0.04040631   0.12941750   0.10670274   0.12127621   0.11716625  -0.02321612  -0.00976319  -0.00190729  -0.00560048  -0.00256968  -0.02958465  -0.00754668   0.02756644   0.08988765   0.12297944   0.17328595   0.12928137   0.18681559   0.14216392   0.03828719   0.07585061   0.10712866   0.14462055   0.10363671  -0.01567333   0.01196350  -0.02222356   0.03158000   0.12511584   0.05989135   0.08796922   0.03026822   0.15394475  -0.02533055   0.04579174   0.08469611   0.11479256   0.10428649   0.00000000   0.10469182  -0.01091033   0.09016683   0.11891139   0.07967679   0.04615229   0.12467058   0.10552922   0.06591223   0.03082583   0.08482229   0.02821504   0.18826450   0.16849419   0.18015037   0.11979862   0.11089920   0.16211948   0.15082475   0.06674117   0.19746370   0.18741014   0.16720812   0.12277034   0.18026981   0.07492458   0.19341418   0.09637225   0.09205056   0.19676876   0.02058762   0.11280569   0.17663203   0.19374721   0.21973677   0.09100763   0.20890727   0.09345456   0.12826547   0.15294965   0.10304459   0.19196180   0.12551896   0.04347257  -0.00953991   0.23201838   0.05265727   0.09122898   0.16025191   0.13529425   0.14726795   0.14961550   0.06145367   0.03406096   0.10476840   0.04660649   0.06024962   0.14860981   0.11824931   0.03327634   0.02038848   0.09968599   0.09428926   0.13633582   0.14109895   0.10745431   0.14539816   0.11823394   0.12285009  -0.02659242  -0.02547520  -0.03262684  -0.04969593  -0.06292567   0.01131971  -0.00835722   0.11779633   0.15444651   0.12113289   0.16654711   0.09718691   0.16379062   0.00896080   0.04468529   0.13663281   0.10331438   0.10445271  -0.01580975   0.04438845  -0.04557883  -0.01976464  -0.02511332   0.01625752   0.02842787   0.05360330   0.11374691   0.06185096   0.06126086   0.07093200   0.00905840  -0.03679684   0.07112859   0.04958027   0.04619360   0.12638895   0.18545722   0.06023412   0.10422234   0.04773456   0.02168141   0.15705481   0.07612262   0.13717983   0.05855073   0.02347309   0.01082232   0.17231370   0.15237921   0.16693900   0.09196231   0.12306989   0.16531779   0.16077850   0.09512842   0.17599683   0.20626602   0.14708910   0.18554397   0.09046858   0.15730815   0.21257184   0.18569028   0.05376278   0.02731916   0.21359902   0.14281481   0.06351602   0.21378467   0.07169602   0.21674991   0.11368637   0.02929529   0.00996242   0.02559027   0.07520071   0.04426697
 0.16084695   0.03156880   0.16726880   0.04948971   0.09638971   0.08723580   0.15255693   0.18388670   0.10143748   0.16603569   0.17022760   0.18599894   0.14602808   0.20191266   0.16989768   0.12683931   0.14926186   0.17428521   0.19425879   0.16081422   0.12668369   0.15527092   0.16896454   0.17638525   0.12499756   0.13609397   0.16926258   0.17075295   0.23214009   0.15351894   0.22311388   0.07449388   0.11764008   0.11986523   0.19913727   0.12355878   0.13924466   0.13387400   0.19045714   0.18664603   0.15245140   0.07773480   0.16258499   0.18337136   0.15158654   0.18390956   0.08647565   0.11103055   0.07601700   0.11956444   0.17989418   0.07616530   0.11068372   0.10469182   0.00000000   0.10695046   0.15724049   0.01188883   0.09930999  -0.02073204   0.14529460   0.15104696   0.15369739   0.16687597   0.18102014   0.02176175   0.16818552   0.09881510   0.14956615   0.13870175   0.02398739   0.10707619   0.08054353   0.02417883   0.10536074   0.10667074   0.14530428   0.12476938   0.06984326   0.07319928   0.13205203   0.12940310   0.16625627   0.10531787   0.12414693   0.16166167   0.08871888   0.21915770   0.21224303   0.09426017   0.19907959   0.18448369   0.18737357   0.15644502   0.16763653   0.08066032   0.19267842   0.09003311   0.10649161   0.18938309   0.16701504   0.14437063   0.12548642   0.05169783   0.13573980   0.12525615   0.14787939   0.14782533   0.15176580   0.16130445   0.15927160   0.15121474   0.20585619   0.15110239   0.13725353   0.19609942   0.16668396   0.21060538   0.19071775   0.16193508   0.16553819   0.15662577   0.17945501   0.14302648   0.13036934   0.11802282   0.10680100   0.12599051   0.18782074   0.16153124   0.21067205   0.23264658   0.07777659   0.08234334   0.07161976   0.10958116   0.18739298   0.17696873   0.07129259   0.13568892   0.14221080   0.16177049   0.15263629   0.14390136   0.16960748   0.14310025   0.13183776   0.12044348   0.12700470   0.21818923   0.06177145   0.13913275   0.05294316   0.05137589  -0.02070455   0.08824352   0.00742395   0.16602953   0.12070211   0.15046008   0.18365763   0.11491045   0.10005141   0.16937258   0.07601048   0.09324095   0.09755300   0.13082173   0.20123994   0.04898547   0.15793837   0.09349942   0.04710968   0.02621036   0.16460870   0.14504405   0.17580777   0.03855742   0.21036386   0.13065254   0.08858410   0.10185772   0.06285012   0.13851694   0.11823759   0.11996690   0.04309060   0.03431741   0.23471499   0.18410571   0.20923554   0.19146062   0.15997271   0.14408330   0.18615357   0.10734413   0.14527572   0.10644006   0.17820568   0.16224394
 0.19266292  -0.07074723   0.09899646  -0.00054801  -0.00850152   0.03656032   0.16233250   0.20716521   0.10984037   0.19671488   0.24921137   0.16860735   0.18523066   0.24113317   0.23672827   0.18198241   0.16409319   0.16016364   0.16556405   0.15915353   0.35258907   0.39790603   0.28164822   0.35629941   0.29002856   0.28464590   0.28406343   0.29756441   0.15449968   0.09788367   0.11378784  -0.05761538  -0.06522893  -0.03108842   0.23094549   0.12180522   0.10708978  -0.00837834   0.15977978   0.22328785   0.30229400   0.18134811   0.19322695   0.15284987   0.20207474   0.17439664   0.05027605   0.03881655   0.14412935   0.08971943   0.08701022   0.02549256   0.04806670  -0.01091033   0.10695046   0.00000000   0.17588404  -0.11933140   0.03142710  -0.06050594   0.03497225   0.05795162   0.08033755   0.11781929   0.08437226   0.02475052   0.01297790  -0.03680557  -0.01053857   0.01601993  -0.00082256  -0.01427179  -0.11501968   0.01322641  -0.07181821  -0.05560475  -0.01573606  -0.00149185  -0.11898488   0.02661215  -0.04258167   0.06932044   0.11243928  -0.00462875   0.18252823   0.15345576  -0.00321925   0.00833143   0.01527931  -0.00457696   0.01815764   0.19426677   0.07784852   0.05791170   0.10151995  -0.13919212   0.09687474   0.05808067   0.26593476   0.00273660   0.21732352   0.15156186  -0.02333080  -0.04054272   0.06300756   0.06601968   0.19728129   0.16109543   0.12507139   0.21142221   0.24468092   0.09703149   0.24351273   0.26771668   0.24265539   0.22286391   0.11530715   0.19169979   0.19151272   0.09792166   0.10760937   0.10166131   0.14157132   0.34975373   0.37248960   0.21766254   0.28910636   0.29304219   0.32001760   0.27450177   0.15437447   0.17515560  -0.06693540  -0.15161600  -0.03170580  -0.06053114   0.23559838   0.18237279  -0.11498552   0.05388899   0.12151078   0.26055071   0.17729463   0.19541362   0.30986534   0.26014048   0.17252612   0.10971811   0.14340462   0.20702181   0.05838868   0.06633970   0.04122539   0.09728190   0.08451428   0.06664322  -0.00064015   0.12762933   0.00641094   0.00869124   0.13344850   0.03938512   0.02405370   0.14668610  -0.09204310   0.05058405  -0.03406510   0.10853308   0.17647761   0.05388229   0.03235464  -0.05313567  -0.02136435  -0.01434934   0.05631501   0.02436051   0.03364902   0.00593288   0.05293434  -0.03921745  -0.04938956  -0.11080384   0.01081888   0.03833482  -0.05429649  -0.04379811   0.01156240   0.00536185  -0.00833534   0.09121871   0.16444606  -0.00161850   0.07936045  -0.07562361   0.10227345   0.06884967   0.22128434   0.16357453   0.15448574   0.17787977
 0.51123606   0.21951661   0.35681435   0.43873591   0.55255258   0.53901341   0.27903513   0.39430892   0.21110530   0.37295524   0.38306478   0.54746574   0.23818311   0.44078587   0.27544864   0.13926837   0.42370290   0.37750397   0.37060669   0.38687388   0.20534283   0.34273203   0.22837589   0.30958580   0.37956712   0.20510451   0.24614240   0.40430436   0.40766688   0.61612760   0.61016560   0.41397502   0.32573569   0.41278485   0.48312598   0.30729073   0.37769130   0.45098666   0.55346527   0.48835196   0.27619601   0.17902106   0.26478635   0.41249444   0.35981378   0.33952574   0.24690198   0.27638766   0.12069600   0.12439354   0.09109988   0.05729070   0.13086013   0.09016683   0.15724049   0.17588404   0.00000000  -0.03002437   0.28717974   0.07724794   0.39970472   0.14163596   0.02572301   0.25238510   0.34296498  -0.02333075   0.25413645  -0.02438695   0.11481341  -0.01322323   0.06230291   0.21588943   0.22145318   0.11381735  -0.16455529  -0.00065793  -0.00614742   0.03742845   0.00241679  -0.04455771  -0.02858895   0.04106128   0.18351543  -0.05697924   0.10023584   0.14778857  -0.02854576   0.01532461   0.08087666  -0.05561692   0.12117300   0.09252762   0.19015369  -0.07581690   0.00386049  -0.01945168   0.18574444   0.06959010   0.20884741   0.05433327   0.47942767   0.59414915   0.28244013   0.30680817   0.54201258   0.47788246   0.34247539   0.28341481   0.36600844   0.34485693   0.42907788   0.49580905   0.38158790   0.41936788   0.23076326   0.30236444   0.51969654   0.40214024   0.43860729   0.36740468   0.41569599   0.26840054   0.38272794   0.18732914   0.31143133   0.12366827   0.13372002   0.24519319   0.34982594   0.23961853   0.60660544   0.41202699   0.36509449   0.20610642   0.36987419   0.34101470   0.43429964   0.30215113   0.19718397   0.48080098   0.50862321   0.52434320   0.36260231   0.13209324   0.27581747   0.34445151   0.31925868   0.19799782   0.34387038   0.51799963   0.18560053   0.26771523   0.30362872   0.01294927   0.05161973   0.07430961   0.02430573   0.13479102  -0.04027854   0.07730313   0.18058287   0.14455350   0.06605836   0.25805024  -0.03731015   0.27676971   0.22704983   0.23175779   0.19434613   0.00548036   0.01248159   0.16880730  -0.09894257  -0.05396371   0.10533415   0.09689487   0.07904444   0.12424834   0.21800336  -0.01435789   0.31975358   0.09601278   0.11486386   0.07736791   0.08472286  -0.00015282   0.00072265   0.06711383   0.08752743   0.17863742   0.22044102   0.13333648   0.00436548  -0.08984681   0.21318737   0.08209996   0.24556749   0.25880481   0.49451071   0.28036913
 0.00924565   0.44110271   0.28613984   0.29695579   0.24181632   0.21673165  -0.03230979  -0.00557340  -0.03746759   0.07335778  -0.11979434   0.15742121  -0.08535582  -0.07632732  -0.10333636  -0.10156209   0.09094025   0.06492916   0.14346825   0.05183428  -0.22789135  -0.17844301  -0.16967007  -0.24591694  -0.16340909  -0.21417021  -0.19106274  -0.16313784   0.10180724   0.11714423   0.15869487   0.39457077   0.47419011   0.52440243  -0.12604286   0.07873817   0.00636555   0.39786912   0.01677247  -0.14779704  -0.13429284  -0.16196864  -0.05743513   0.14058226  -0.03061812  -0.01609945   0.27492987   0.40528607  -0.04745509   0.06494384   0.07857850   0.09192701  -0.00275821   0.11891139   0.01188883  -0.11933140  -0.03002437   0.00000000   0.50932193   0.38297587   0.23797701   0.49563926   0.20044571   0.11113471   0.21588007   0.02108310   0.55343676   0.58265076   0.55331098   0.45390688   0.52123856   0.47024379   0.49172026   0.32247573   0.40266433   0.51966876   0.14929718   0.28492211   0.56028566   0.03026355   0.28044975   0.08672196  -0.14789562   0.19454762  -0.15464491   0.05439961   0.04786257   0.05109674   0.29171782   0.31483745   0.28352024  -0.09502992   0.31140989   0.07612642   0.04377088   0.44378615   0.08680885   0.01744250  -0.13090697   0.24274918  -0.08800871   0.04640830   0.43031247   0.38184558   0.12274412   0.25417390   0.01876557   0.02417576   0.24132346  -0.01460528  -0.02125059   0.17263607   0.00463494  -0.12817219  -0.12371171  -0.00073093   0.06274956   0.10252394   0.09518773   0.14637980   0.21674868   0.17392861   0.18002422  -0.20410988  -0.17947546  -0.17559662  -0.25794782  -0.21177253  -0.16476310  -0.15419524   0.09827977   0.01849126   0.32745579   0.46953105   0.36476129   0.55970481  -0.17158284  -0.03070575   0.43852546   0.22351427   0.05365212  -0.15424870   0.02768856  -0.07526140  -0.17769329  -0.15721256  -0.02147363  -0.03520619   0.04775148   0.09521539   0.31392621   0.32784460   0.44034571  -0.02476748  -0.04676623   0.20923849   0.07836785  -0.09895075   0.05236648   0.17893274  -0.01316977   0.07106199  -0.03596549  -0.11121138   0.71372950   0.43212852   0.43609453   0.21344871  -0.07743284   0.04662269   0.12178389   0.61334025   0.49806660   0.59691030   0.43735920   0.55710846   0.45014163   0.50529678   0.30277758   0.43229249   0.47137921   0.50543985   0.32440932   0.28473676   0.48547320   0.38083861   0.02691332   0.04460964   0.11824768   0.20823272  -0.04664105   0.29870669   0.05476964   0.35130445   0.07262322  -0.05666823  -0.16061347   0.00964101   0.07039931   0.01546012
 0.25129647   0.29692299   0.30899799   0.26929750   0.37727047   0.28118378   0.19010976   0.17552822   0.13327180   0.21915123   0.11771132   0.28999891   0.08211716   0.23253574   0.10229127   0.05124006   0.19763534   0.22100109   0.30507506   0.18084931   0.00928112   0.14445355   0.04012584   0.03372120   0.14080128   0.03157339   0.03330901   0.12453015   0.32732917   0.27958364   0.30739545   0.45009305   0.41738123   0.65821716   0.32566813   0.23774760   0.16668486   0.45569634   0.27626280   0.27301599   0.10302817   0.02063178   0.19740496   0.29933501   0.18948564   0.19050382   0.61914799   0.53728150   0.12564191   0.15467435   0.11556265   0.05235683   0.05034182   0.07967679   0.09930999   0.03142710   0.28717974   0.50932193   0.00000000   0.40456408   0.40949302   0.67401537   0.25406991   0.49964555   0.34381941   0.04397943   0.53386753   0.60005833   0.51350015   0.43495809   0.44039890   0.44837011   0.43491621   0.28689413   0.11684245   0.40013883  -0.01786169   0.20528916   0.32878624  -0.02488368   0.10261031   0.09532417  -0.07668330   0.07591971  -0.04770152   0.04073766  -0.15507181  -0.03790420   0.21446565   0.19248909   0.24133162  -0.00198775   0.41548124  -0.02868495   0.03741087   0.23659491   0.15995095   0.10235890   0.05534582   0.08118637   0.19340441   0.20065269   0.32510042   0.27870521   0.21673846   0.27306876   0.16014388   0.16797239   0.30421885   0.15322666   0.19001406   0.24385177   0.25299815   0.11458974   0.05290617   0.16130169   0.29817633   0.21361679   0.22837417   0.26557294   0.30101251   0.24766926   0.27795229   0.02522208   0.10031397  -0.02024071  -0.02469499  -0.00687091   0.09419312   0.04963170   0.32602077   0.12481429   0.32136138   0.35748085   0.48797055   0.49489398   0.24091522   0.14829697   0.36134334   0.29729031   0.26319181   0.22354755   0.30634490   0.07739079   0.10502062   0.09109619   0.18477630   0.08287138   0.23920884   0.28831580   0.45700294   0.54801176   0.54521614   0.01175937   0.03301869   0.26602048   0.02104084   0.00908751  -0.01949216   0.06050698   0.07219494   0.08459441   0.04899807   0.11077604   0.49944905   0.65589941   0.52838831   0.46942114   0.11067875   0.08439961   0.01450597   0.53080033   0.27481531   0.54958108   0.40679293   0.47364413   0.40033358   0.41748687   0.30957106   0.28057806   0.41671179   0.32742059   0.26006525   0.26231074   0.34618142   0.20089122   0.03020882   0.08226943   0.00581151   0.14451085   0.08702719   0.19509251   0.04089027   0.13623324   0.16820233   0.08202333   0.05219672   0.11017306   0.24480295   0.25174091
 0.02733011   0.23885784   0.12687635   0.18947969   0.21966269   0.14805661  -0.02777671  -0.05193977  -0.03071330   0.00886596  -0.11057217   0.06228956  -0.07562839  -0.09560075  -0.13740308  -0.14624304   0.01038749   0.00739193   0.00581528  -0.01931426  -0.12216241  -0.08570842  -0.11977620  -0.14365283   0.01246781  -0.13938344  -0.17797786  -0.12850032   0.07936130   0.10705885   0.09853076   0.30004349   0.24459947   0.37183268  -0.00574299   0.02866961   0.01512432   0.24833355   0.08028043   0.05630577  -0.02456605  -0.02767564   0.05200522   0.09968474   0.02665170  -0.05613014   0.32478860   0.29710582   0.02465212   0.06253509  -0.00702988   0.03506980   0.03238899   0.04615229  -0.02073204  -0.06050594   0.07724794   0.38297587   0.40456408   0.00000000   0.21543877   0.29731604   0.04128395   0.15992551   0.10443078  -0.00822276   0.24613861   0.29373366   0.23389512   0.10956412   0.31011071   0.30825687   0.30677987   0.22975843   0.05794951   0.19906685  -0.04254719   0.11627331   0.24185532  -0.04725414   0.04580598   0.02061919  -0.13137994  -0.01068232  -0.08939306  -0.05139226  -0.08696112  -0.11459393   0.01607107   0.05246162   0.02375577  -0.10709889   0.14154560  -0.10595369  -0.04597685   0.17976634  -0.03332296   0.05445863  -0.08672082  -0.00071625  -0.05493067   0.02559880   0.19334620   0.20978458   0.09787638   0.11915260  -0.02952594  -0.01667014   0.11507993  -0.04497662  -0.04482336   0.06358506  -0.07135238  -0.12842713  -0.12291347  -0.11692631   0.06252231  -0.04981210  -0.02624572   0.03829761   0.07197489  -0.00095954   0.02657987  -0.14223074  -0.11375813  -0.14979570  -0.15643736  -0.14829282  -0.13825244  -0.18647871   0.07836766  -0.08477555   0.24095616   0.25043147   0.30311735   0.27895484  -0.03581138  -0.04568039   0.26334256   0.14340658   0.07648173   0.04591589   0.04913383  -0.01145229  -0.07477510  -0.04514080   0.01696595  -0.00897251   0.09869065   0.02876828   0.28859295   0.24835187   0.33859510  -0.02487693   0.01707373   0.12698951   0.07394542  -0.09674085  -0.07588972  -0.00262566  -0.04753940   0.00886134  -0.00898127  -0.04852614   0.30774187   0.35341953   0.29964956   0.20157224  -0.08082020   0.03217942  -0.05482829   0.29607898   0.17316214   0.29177322   0.13432846   0.20827543   0.13185057   0.25979499   0.09734167   0.10712891   0.28207878   0.23109184   0.22371738   0.11026217   0.18368333   0.14893999   0.00465627   0.02379924  -0.09683526   0.00362301  -0.05558194   0.03561655  -0.08036798   0.04506507  -0.01135569  -0.01013858  -0.09482457  -0.02034248   0.05695173   0.08829846
 0.29308349   0.26364474   0.39786903   0.27849414   0.44865802   0.34313508   0.18525702   0.26490660   0.19664338   0.33365398   0.25207604   0.46258778   0.17838482   0.27595178   0.13760538   0.01605269   0.37997120   0.43846437   0.37531793   0.34391029   0.00900223   0.15092133   0.07036643   0.13138845   0.15297048   0.00774000   0.06234124   0.22308789   0.26781063   0.32017001   0.51115883   0.33781888   0.44933823   0.49102758   0.30510312   0.22313254   0.34709484   0.60743612   0.54294337   0.35967108   0.17914455   0.06939069   0.28640127   0.47509560   0.36235813   0.37517377   0.37952118   0.62617858   0.13227874   0.23559007   0.13734690   0.05432103   0.09987868   0.12467058   0.14529460   0.03497225   0.39970472   0.23797701   0.40949302   0.21543877   0.00000000   0.31870204   0.04581003   0.28223654   0.32517249  -0.01370674   0.38552450   0.30580144   0.35396227   0.05711952   0.34479172   0.56296057   0.56749197   0.27821070   0.11569951   0.39369266   0.15807195   0.24183328   0.39979767   0.01475331   0.25227993   0.18957949   0.02061676  -0.02696591  -0.03954941   0.06488327  -0.04553869   0.18544541   0.31068954   0.08402707   0.36586831   0.07965799   0.25603982  -0.12585752   0.02093393   0.39159587   0.31496363   0.08115275  -0.02366612   0.22305019   0.27864972   0.31396017   0.41174881   0.30113888   0.37542758   0.41506628   0.28033256   0.28961710   0.41973556   0.29903970   0.35080364   0.46299391   0.26174493   0.25335979   0.11973276   0.21344415   0.31581846   0.38905694   0.36226960   0.45039668   0.47258866   0.30170137   0.40757791   0.07187867   0.11265680   0.00799335  -0.04175365   0.16425375   0.19727528   0.10784659   0.41967148   0.28503567   0.33935268   0.44140590   0.30718785   0.43531323   0.24841587   0.27383725   0.50907231   0.54077516   0.46266309   0.38585595   0.21559357   0.10366134   0.19254500   0.24529673   0.36032527   0.20889921   0.44402763   0.56365201   0.31706046   0.28980983   0.53692868   0.05710164   0.05181246   0.28590395   0.03623653   0.09352629   0.00739260   0.25760035   0.16088152   0.11447210   0.06423950   0.13995918   0.29678101   0.37777223   0.54133840   0.23330451   0.09896758   0.08362557   0.09328376   0.38575621   0.14560731   0.15350892   0.24719289   0.29571903   0.19409140   0.34820449   0.39374571   0.28381840   0.53655515   0.45228736   0.31428027   0.28389534   0.43433754   0.33584978   0.05211183   0.13153317   0.18981374   0.22787282   0.13848151   0.30738136   0.00690029   0.23231674   0.34592515   0.11577193   0.11169133   0.13428782   0.37362000   0.31109763
 0.20901680   0.20723941   0.35831060   0.11483723   0.22616220   0.13955245   0.18229437   0.22129517   0.13975272   0.26484288   0.11300794   0.25271501   0.12865985   0.16559632   0.10478501   0.07149528   0.16146793   0.18180418   0.30177345   0.17715418   0.05266712   0.15234994   0.11024386   0.09279523   0.12096367   0.06470522   0.09228086   0.13022986   0.35234798   0.13846739   0.25602467   0.28737670   0.34267040   0.50635388   0.24718940   0.16859503   0.07155976   0.31898758   0.21770423   0.30745227   0.16995728   0.05682610   0.29366423   0.27878832   0.22319845   0.18970316   0.57011635   0.50036138   0.16194519   0.16411074   0.29206205   0.08274015   0.04475270   0.10552922   0.15104696   0.05795162   0.14163596   0.49563926   0.67401537   0.29731604   0.31870204   0.00000000   0.48963689   0.52654765   0.39775054   0.08792447   0.61455933   0.57273259   0.63494099   0.66895372   0.42145471   0.38646124   0.29543364   0.21767964   0.22016589   0.44629971   0.06021612   0.21382147   0.28980249   0.05765991   0.18687207   0.09468252  -0.03930419   0.13455305  -0.00946747   0.07730835  -0.10831117   0.05022433   0.30673833   0.36265211   0.26548065   0.05069401   0.57916356   0.14980418   0.14255178   0.22227913   0.25591429   0.13073303   0.03582216   0.11970267   0.16540005   0.07873522   0.29498466   0.17197028   0.10784737   0.19128265   0.15787261   0.20484964   0.32271239   0.18591768   0.15367866   0.16940859   0.21069837   0.13380659   0.09214847   0.18105169   0.16092033   0.22249455   0.21021235   0.21724517   0.24311060   0.18424872   0.24422713   0.08766297   0.08337832   0.02374391   0.02477916   0.05679588   0.12417914   0.10482890   0.25191484   0.12583290   0.18030334   0.23975033   0.28005313   0.35910340   0.16645668   0.11239561   0.24745854   0.18977030   0.18260594   0.20129018   0.25534561   0.10303617   0.09876926   0.08795895   0.20649676   0.11510981   0.19732957   0.27725092   0.36068383   0.58889753   0.40894119  -0.01207660   0.02550370   0.28092007  -0.00605959   0.05877460   0.04827827   0.06572498   0.09637905   0.04362232   0.06440957   0.12566517   0.47263623   0.49667233   0.42166698   0.43040767   0.19902623   0.09569100   0.04624639   0.50490318   0.24928505   0.45187146   0.49969275   0.48894971   0.52808867   0.37222314   0.30733515   0.30444966   0.29037489   0.25560603   0.21310691   0.22489730   0.31362401   0.19624418   0.01520107   0.07278198   0.10312354   0.18038597   0.06751859   0.22821917   0.08856403   0.20542968   0.23304345   0.08730952   0.01974652   0.03908236   0.18701944   0.19528100
 0.12668395  -0.01012264   0.19511058  -0.02051687  -0.01505594   0.00042827   0.17032790   0.19867212   0.12207018   0.21253856   0.14864336   0.10914747   0.15628409   0.20410244   0.20066037   0.19867387   0.09851079   0.12804247   0.22436732   0.16274734   0.09457140   0.15065264   0.19655471   0.11412690   0.14578675   0.16969648   0.23723430   0.18333561   0.34416027   0.03850117   0.10362461   0.13140652   0.18979005   0.16224722   0.19437280   0.12151798   0.06149757   0.04176673   0.09673902   0.13161358   0.11717616   0.03588639   0.18475891   0.10690101   0.14355217   0.16852102   0.09039308   0.00588585   0.09175810   0.05998438   0.33429387   0.05950765   0.04559747   0.06591223   0.15369739   0.08033755   0.02572301   0.20044571   0.25406991   0.04128395   0.04581003   0.48963689   0.00000000   0.34332440   0.46698407   0.08003809   0.37417665   0.15924729   0.41555559   0.46657283   0.02656579   0.04872188   0.03742619  -0.06368637   0.18510870   0.23157718   0.18104866   0.06781673   0.08521926   0.11229900   0.16605806   0.01932343   0.11291329   0.13769746   0.18279081   0.30305771  -0.03913714   0.23330473   0.24619146   0.33538650   0.28629466   0.17506476   0.44913778   0.31855973   0.32995615   0.08699051   0.24419229   0.12066508   0.26847756   0.17751651   0.13987907   0.04008048   0.08689778  -0.02956964   0.02076015   0.04430180   0.09808654   0.13994650   0.13573726   0.17078839   0.09613652   0.06009709   0.21098841   0.15043421   0.14491360   0.22841412   0.11136435   0.19736498   0.19285272   0.15070564   0.11400019   0.16938982   0.15849719   0.13947277   0.08235209   0.12197087   0.13028878   0.09668768   0.15474734   0.24901524   0.15354306   0.19670580   0.06284922   0.06711288   0.04855741   0.11133179   0.14710059   0.10391145   0.00733495   0.02104807   0.06092366   0.00514877   0.27125432   0.08564312   0.07569561  -0.00481889   0.12314549   0.06499957  -0.01776386   0.17427452  -0.09220462   0.25563800  -0.06078243  -0.00670540  -0.01477531   0.07030405  -0.05184175   0.12437872   0.14510852  -0.01540135   0.10115639   0.01822691   0.07854071   0.16112641   0.19180378   0.13090556   0.10599386   0.22796060   0.34601472   0.07495855   0.10668542   0.21746653  -0.04535523   0.09481210   0.40624298   0.25304948   0.31389580  -0.03253574   0.15482710   0.16781291   0.00128221   0.09873330  -0.05996780  -0.02905827   0.08147994   0.06139686   0.00416752   0.02139733   0.24253943   0.15339427   0.15666993   0.13664148   0.22069916   0.17768206   0.20326194   0.10554253   0.11034201   0.06685488   0.10113410   0.00891798
 0.23121794   0.02032988   0.18931095   0.01129304   0.20797616   0.09894226   0.24372277   0.17841161   0.17829648   0.20298686   0.15107375   0.17749821   0.12525416   0.21458260   0.12852299   0.09042453   0.10786682   0.16206953   0.21568736   0.13756895   0.16564245   0.23905375   0.18346421   0.22944755   0.27683230   0.18178408   0.16926098   0.18845746   0.34830303   0.13868319   0.20730499   0.21122200   0.15778916   0.31995941   0.47572188   0.14634018   0.12009710   0.21509130   0.28460020   0.52194435   0.25650583   0.20077358   0.41580984   0.23641695   0.22731297   0.26592260   0.51667505   0.25303441   0.21331552   0.12861242   0.18667587   0.00316383   0.05939834   0.03082583   0.16687597   0.11781929   0.25238510   0.11113471   0.49964555   0.15992551   0.28223654   0.52654765   0.34332440   0.00000000   0.30470084   0.04803548   0.29851061   0.25167959   0.28874897   0.31221403   0.10212284   0.18760787   0.16484966   0.02804676  -0.07193718   0.11200849  -0.07652707   0.04662600   0.02386273  -0.01761805  -0.05228735   0.03960949   0.05364158  -0.07315836   0.06490881   0.07445082  -0.14446239   0.00422658   0.10416119   0.14299854   0.14706522   0.13710780   0.35000521   0.05597858   0.12140017   0.01629350   0.16950389   0.11928568   0.10646737  -0.00624374   0.23948578   0.09185339   0.10597857  -0.00143305   0.08795450   0.09106972   0.14239281   0.18227045   0.18496223   0.19656405   0.17147152   0.11461557   0.20603686   0.18206069   0.14722040   0.14187474   0.17506677   0.13866938   0.14372964   0.21187088   0.15303742   0.12034514   0.16061595   0.18676078   0.16510705   0.12134667   0.14636494   0.20477704   0.24143340   0.15674852   0.24090514   0.13315887   0.10224805   0.11512671   0.21351194   0.16808485   0.39978696   0.18274254   0.15259228   0.15512532   0.23675268   0.39575014   0.31785376   0.17259226   0.21100343   0.26508625   0.26995054   0.12455547   0.20530274   0.26865030   0.25150156   0.47500827   0.23124825   0.06302041   0.06601767   0.16499352  -0.03469715   0.14527144  -0.01461715  -0.05308585   0.14247200   0.06316855   0.09246373   0.20862307   0.12838693   0.42641247   0.27075419   0.47669012   0.26181706   0.05950858  -0.01775892   0.21291808  -0.02519252   0.16520042   0.28041986   0.22188946   0.22084400   0.09596304   0.20373600   0.04263466   0.13713241   0.06883170   0.03431392   0.15434371   0.04765870  -0.01509694  -0.01885383   0.03430741   0.03322469   0.09632379   0.16172469   0.07117892   0.13318495   0.00154691   0.17805774   0.14637545   0.15566784   0.09345288   0.20053519   0.27299045
 0.32324281   0.19277832   0.39781744   0.23423943   0.30118532   0.27436907   0.23389306   0.30361129   0.18859843   0.33988129   0.24457563   0.33880597   0.20383157   0.34900480   0.21971927   0.16284118   0.30817714   0.31876827   0.37665672   0.30806470   0.05800872   0.17109510   0.17660918   0.14521312   0.12450186   0.12120926   0.21161079   0.30731957   0.45615781   0.33799631   0.37772569   0.38783400   0.45833163   0.44109691   0.32026167   0.24558559   0.20923192   0.38492808   0.42569522   0.24184036   0.14778368   0.03852131   0.13285887   0.29920543   0.25710492   0.28838283   0.14135755   0.23765975   0.04616247   0.07274720   0.28636853   0.04340733   0.07230796   0.08482229   0.18102014   0.08437226   0.34296498   0.21588007   0.34381941   0.10443078   0.32517249   0.39775054   0.46698407   0.30470084   0.00000000   0.02197813   0.44109134   0.15746603   0.47128696   0.30348955   0.13715415   0.26413749   0.30030256   0.07129129   0.16908336   0.29767369   0.24009628   0.13869677   0.20135328   0.06596843   0.23585394   0.04574232   0.10578515   0.06699316   0.06492970   0.23090579  -0.03114628   0.22920864   0.32803359   0.22458687   0.36001409   0.08369163   0.40900360   0.10990826   0.12464951   0.22260864   0.33179880   0.11585178   0.13725057   0.24427632   0.31257558   0.28700837   0.31757514   0.20315096   0.32110153   0.29667538   0.25705035   0.26226583   0.34624635   0.29827857   0.26723374   0.31574007   0.31841487   0.29924772   0.20326489   0.28669405   0.37680636   0.38322361   0.35129122   0.36429144   0.35074982   0.29962013   0.34111682   0.12807309   0.15929161   0.10310135   0.08408066   0.14414902   0.23077115   0.24218616   0.45026732   0.33438225   0.34871567   0.31158336   0.32749906   0.38682670   0.28993266   0.22949795   0.26852873   0.34138010   0.38655788   0.23226248   0.44766987   0.11695064   0.16194715   0.14197533   0.28559220   0.16389682   0.17189373   0.43311139   0.03383487   0.32989806   0.19095907  -0.00776748  -0.00740184   0.10561099  -0.00738085   0.15045491   0.11910430   0.13502361   0.18955346   0.09598820   0.08077564   0.22300079   0.26212116   0.30751023   0.33298175   0.26054489   0.34567720   0.05933815   0.14749992   0.36121762   0.02788568   0.10086022   0.42775290   0.36741049   0.32653517   0.16458648   0.32006614   0.23628250   0.27673570   0.26901264   0.11268406   0.10221236   0.26002200   0.18877779  -0.02210928   0.06526738   0.31865858   0.28194941   0.21125858   0.29308290   0.14197961   0.21612685   0.31612807   0.10857603   0.16533552   0.18794230   0.32387852   0.14056396
 0.03249925  -0.04066825   0.04594679  -0.03475784  -0.03170738  -0.03165120   0.04451640   0.04241522   0.05452289   0.08012571   0.01732973   0.00922896   0.02757665   0.03152996   0.05201758   0.06088417   0.01597741   0.04303040   0.05325476   0.02649301   0.01265552   0.04651421   0.03792923   0.03106106  -0.02436078   0.02360171   0.05084586   0.03127125   0.04034304  -0.03022312   0.03673623  -0.03976223  -0.00822480  -0.01973678   0.01995432   0.01804892  -0.00608327  -0.04283464  -0.00146861   0.01626984   0.01852349   0.01836798   0.00934426   0.02595314   0.04462334   0.04211739  -0.02332420  -0.02444085   0.01357933   0.06146020   0.09136009   0.04497983   0.00106852   0.02821504   0.02176175   0.02475052  -0.02333075   0.02108310   0.04397943  -0.00822276  -0.01370674   0.08792447   0.08003809   0.04803548   0.02197813   0.00000000   0.06069038   0.03954782   0.05250103   0.06541168  -0.03981010   0.04921453  -0.03033988   0.05114594   0.10136360   0.09152184   0.08622256   0.06821711   0.02729720   0.07615845   0.08036465   0.07247227   0.07496721   0.08574369   0.03543497   0.03920709  -0.00036691   0.04774588   0.07902353   0.03775605   0.03234213   0.02273177   0.07746194   0.04958714  -0.01571490   0.03695513   0.09933555   0.03589658   0.05903532   0.06790901   0.03895919  -0.02225843   0.02892461  -0.02406492  -0.02026138  -0.00068002   0.01907787   0.03636341   0.05592911   0.02180653   0.01751713   0.00531564   0.03977692   0.02468729   0.03379904   0.04917558  -0.01024630   0.04600145   0.05532994   0.01002470   0.01103580   0.02428510   0.02720733   0.04525988   0.03163378   0.03786513   0.02812826   0.04184917   0.04518564   0.06160355  -0.00239144   0.06610692  -0.03674693  -0.04292956  -0.05326205  -0.04622567   0.02796626  -0.01783233  -0.04386909  -0.04168846  -0.01254540  -0.02270708   0.01270252   0.01059911   0.00794512  -0.00070009   0.01666660   0.01951586   0.01480683   0.01517183  -0.01920260   0.00575272  -0.05528667   0.00294523  -0.01780170   0.03005281  -0.01319649   0.03397616   0.08331235   0.03980560   0.01837130   0.01308930   0.04694994   0.02830284   0.02990801   0.01170488  -0.00225036   0.02909905   0.02759304  -0.00485866   0.04058469   0.04423575   0.01339367   0.02691988   0.03264936   0.01744507   0.06259578  -0.05760692   0.00589615   0.05429244   0.00046744   0.01198752   0.00434812   0.02634965   0.03657323   0.08447174   0.06383657   0.00236597   0.06013419   0.02527458   0.03474463   0.02334270   0.02168907   0.07897901   0.08071056   0.01388830   0.04132719   0.00969413   0.00933110  -0.02080369
 0.23495294   0.33557582   0.48931294   0.24302193   0.33749475   0.24236552   0.15376336   0.25138987   0.13793461   0.30118858   0.14838870   0.34976145   0.14246258   0.23579721   0.15992525   0.08763227   0.30476505   0.30008655   0.37449838   0.29329535  -0.03970715   0.09669242   0.06910174   0.03792145   0.02409591   0.00176507   0.08281641   0.14207354   0.36743979   0.27387475   0.44939997   0.40806754   0.55372231   0.56240247   0.18969290   0.20546465   0.15100007   0.44894730   0.31958660   0.16246076   0.07440557  -0.04431278   0.13290682   0.34715907   0.22965323   0.22260655   0.37296133   0.48182121   0.04119027   0.16018005   0.30136481   0.09463219   0.08038366   0.18826450   0.16818552   0.01297790   0.25413645   0.55343676   0.53386753   0.24613861   0.38552450   0.61455933   0.37417665   0.29851061   0.44109134   0.06069038   0.00000000   0.58150370   0.68277446   0.55150097   0.42379261   0.50960380   0.44418010   0.24374768   0.43700274   0.58334836   0.29365456   0.31339082   0.47206045   0.12675397   0.37531959   0.13716158  -0.01432557   0.29706466  -0.02072669   0.19346099   0.07493854   0.22628715   0.41947079   0.35460297   0.39936767   0.04126448   0.51371861   0.17249284   0.11183110   0.49402039   0.37131486   0.12919007   0.02631280   0.43875338   0.16345932   0.19917386   0.47541162   0.32419343   0.26464727   0.33801019   0.22638440   0.25207004   0.42401824   0.21935763   0.21021357   0.32634626   0.27233746   0.17906530   0.11160025   0.27601324   0.27728021   0.39351236   0.35200483   0.35383256   0.37280255   0.31143058   0.37924390   0.04184452   0.06190498  -0.00476089  -0.03604347   0.04501461   0.14066942   0.14431287   0.35759281   0.34509348   0.36773684   0.43322584   0.35102849   0.51375772   0.11738690   0.18009284   0.36180082   0.34039761   0.28177938   0.13130008   0.27490349   0.06726385   0.06293095   0.03008457   0.19347346   0.14030978   0.22074800   0.38875317   0.26567154   0.46618226   0.36016557   0.00490286  -0.03558407   0.25603900   0.03430466   0.07054844   0.17835489   0.22504181   0.13390916   0.15480427   0.06892826   0.09584381   0.59347837   0.44644013   0.49941033   0.30136804   0.16825898   0.09667566   0.23740856   0.70780166   0.33987341   0.44344753   0.53216956   0.57870715   0.56995513   0.41409701   0.39318814   0.47540963   0.43328819   0.47056169   0.28319919   0.34000533   0.50900307   0.39990108   0.05915466   0.09642990   0.31312162   0.43080593   0.12300393   0.37480381   0.12613596   0.45949474   0.35640853   0.06753580   0.03871116   0.12913761   0.35777256   0.15841472
 0.07794617   0.27636952   0.30920042   0.10741215   0.21785262   0.09196494   0.09511836   0.08987932   0.08178610   0.15244876   0.03099376   0.19627117   0.00909491   0.06545578   0.04823405   0.01352120   0.08272548   0.11314359   0.26057359   0.09274538  -0.09769686  -0.01527946  -0.03236001  -0.08229030  -0.04514105  -0.05985473  -0.03503842  -0.01079992   0.15849347   0.08136335   0.24519837   0.23330448   0.37851226   0.54716887   0.08832292   0.10342194   0.02404926   0.35799870   0.07899998   0.02242968  -0.00848270  -0.06856876   0.11820588   0.25493830   0.07524467   0.08126470   0.55731327   0.61539984   0.01002578   0.15574303   0.16245634   0.10957343   0.02221724   0.16849419   0.09881510  -0.03680557  -0.02438695   0.58265076   0.60005833   0.29373366   0.30580144   0.57273259   0.15924729   0.25167959   0.15746603   0.03954782   0.58150370   0.00000000   0.65006940   0.55508431   0.57935945   0.53874688   0.45688855   0.30928589   0.48498093   0.59997245   0.24167409   0.36990338   0.54761009   0.06941595   0.35206560   0.21238355  -0.09204166   0.34327138  -0.04072376   0.14686057   0.29141622   0.25716397   0.47649400   0.40379140   0.46277678   0.08323778   0.33983019   0.27818695   0.21762060   0.50881352   0.24632162   0.11683608  -0.08128834   0.46340186   0.02326985   0.00597454   0.36605382   0.22098013   0.06092485   0.17363203   0.11339518   0.13036439   0.25867435   0.07868458   0.09131122   0.15689472   0.15680145  -0.00226743  -0.01167046   0.13401342   0.07312391   0.16762393   0.13794420   0.16805636   0.24027457   0.23711604   0.20341301  -0.03809745  -0.03128031  -0.05306559  -0.09761317  -0.08846110  -0.01075266  -0.00872815   0.15571233   0.15421760   0.18904728   0.38111058   0.30007163   0.45743693  -0.00587722   0.08167412   0.38187653   0.15538526   0.08454371  -0.00291246   0.10235181  -0.00083987  -0.03902037  -0.07540625   0.05858407   0.08737247   0.19255657   0.14723175   0.48861519   0.42263850   0.47255340   0.04936972  -0.04500850   0.30238935   0.03575513   0.00869850   0.11211063   0.30282012   0.07294650   0.15152225   0.02479951  -0.00560490   0.64086120   0.48291066   0.53069870   0.31965373   0.03042435   0.08603778   0.21689490   0.53233426   0.65436734   0.64117598   0.57217271   0.67570271   0.53106051   0.54656028   0.49965871   0.56132156   0.38933741   0.48059779   0.34391735   0.62510732   0.56621522   0.44838801   0.10052521   0.08906742   0.23414572   0.36227747   0.03520127   0.45610763   0.23651690   0.48670720   0.22703131   0.06681601  -0.04703329   0.01546005   0.09171920   0.29109823
 0.18071253   0.29911818   0.41882094   0.18631152   0.25185931   0.17175443   0.11939244   0.19822760   0.13161319   0.23744446   0.09552537   0.27948441   0.10378478   0.18318975   0.11982854   0.06952905   0.22330765   0.23869481   0.35262406   0.23101351  -0.07520516   0.01566701   0.03586428  -0.02612090  -0.01059948  -0.03844589   0.05716394   0.11070578   0.31004165   0.17930157   0.31431720   0.34374759   0.50685175   0.56437828   0.16848789   0.17499426   0.11460145   0.41887851   0.25558400   0.09573783   0.03746859  -0.05210483   0.14301070   0.28200795   0.17192106   0.19283373   0.36348166   0.50852253  -0.00323277   0.11311481   0.26175677   0.10465353   0.03143959   0.18015037   0.14956615  -0.01053857   0.11481341   0.55331098   0.51350015   0.23389512   0.35396227   0.63494099   0.41555559   0.28874897   0.47128696   0.05250103   0.68277446   0.65006940   0.00000000   0.63125907   0.48451346   0.46482458   0.43818977   0.23084091   0.50134915   0.61949256   0.32890724   0.30752510   0.48706661   0.08979327   0.40580466   0.13699344   0.01427672   0.31675147  -0.01395115   0.27436533   0.26474432   0.33782957   0.56396899   0.45020116   0.56964951   0.10509588   0.47246222   0.35344900   0.25488069   0.47778676   0.30965276   0.11336147  -0.02164091   0.48447526   0.13016037   0.11920691   0.41512794   0.26406973   0.17220824   0.25051449   0.17323428   0.18352484   0.33116962   0.15845095   0.13253411   0.23609186   0.23701190   0.12032902   0.06144157   0.22672362   0.23943411   0.32200665   0.28330196   0.30690115   0.30616603   0.27088711   0.30757777  -0.00623516  -0.00877021  -0.02001962  -0.06250730  -0.01745861   0.08569318   0.10753823   0.29082492   0.26825993   0.29275269   0.40795233   0.34282864   0.50769412   0.09852256   0.14172789   0.36920309   0.27279523   0.22999391   0.05283928   0.27156386   0.02840532  -0.00360917  -0.01794579   0.13350829   0.11810998   0.14899009   0.32733814   0.29722411   0.43396344   0.36427040  -0.00978416  -0.06517004   0.23589070   0.02635333   0.02850425   0.13422145   0.28043713   0.12514644   0.15265534   0.04420395   0.05858875   0.59231423   0.41615428   0.50198514   0.31839044   0.15441888   0.07843364   0.23513251   0.58756761   0.47102969   0.46621222   0.67008934   0.69684699   0.55566036   0.46385005   0.54069299   0.54237046   0.36436667   0.45916333   0.27723686   0.41435255   0.53511672   0.39088580   0.03192905   0.09347771   0.34918590   0.42262222   0.10598868   0.52251931   0.25116150   0.47854618   0.28156503   0.05344105   0.00134650   0.07839443   0.20235350   0.17226324
 0.16530180   0.17866404   0.26273215   0.10135969   0.10418308   0.10332067   0.13513673   0.19846964   0.07433992   0.19467344   0.11016095   0.21187707   0.12404409   0.18868563   0.18683557   0.16158311   0.15910652   0.16481264   0.30135498   0.18854539   0.01826521   0.07499299   0.11186954   0.05773129  -0.00460460   0.08962707   0.14454261   0.14782008   0.26115272   0.07843014   0.17434705   0.19535413   0.29325940   0.36362530   0.16200033   0.16497029   0.04318979   0.18448912   0.07501027   0.06466944   0.04113216  -0.02248623   0.11428238   0.15769827   0.07907280   0.12917226   0.31445140   0.22267337   0.00827028   0.03672592   0.24445742   0.07103589  -0.00216138   0.11979862   0.13870175   0.01601993  -0.01322323   0.45390688   0.43495809   0.10956412   0.05711952   0.66895372   0.46657283   0.31221403   0.30348955   0.06541168   0.55150097   0.55508431   0.63125907   0.00000000   0.31954493   0.15470984   0.14943676   0.04695628   0.31954544   0.37116017   0.12967358   0.16875786   0.21536814   0.06890432   0.18861231   0.05710632  -0.02172636   0.27812286  -0.00840871   0.20945100   0.12607187   0.17214402   0.36083366   0.48928341   0.35261665   0.08740179   0.49529429   0.48454214   0.26347135   0.19877918   0.16957259   0.08354910   0.04253633   0.23236574   0.10793530   0.05680594   0.23102904   0.12950539   0.05944697   0.16379468   0.15415106   0.14338208   0.23109378   0.15976174   0.12463101   0.13265214   0.25391795   0.13989265   0.12100831   0.25051431   0.14552982   0.25251875   0.23744952   0.19060232   0.19664795   0.23776698   0.24773551   0.08042799   0.06807771   0.07049692   0.05625595   0.03211515   0.11477668   0.17129894   0.15799803   0.17912059   0.10999066   0.18223439   0.20593519   0.33468716   0.06526484   0.11433904   0.11657617   0.10734192   0.07746326  -0.00627946   0.19625127   0.03992031   0.02870896  -0.04139566   0.07453424   0.07559293   0.03626810   0.18150360   0.19305730   0.47677923   0.17570826  -0.01468388  -0.06966786   0.12908644   0.00396567   0.03391582   0.13911669   0.09149756   0.09419532   0.11037878   0.03795540   0.08382495   0.45230182   0.34765963   0.24571733   0.32923594   0.17699056   0.07528057   0.14878808   0.45505327   0.35923587   0.46461794   0.58749483   0.54906306   0.62629079   0.34576036   0.34949518   0.37461615   0.12527449   0.19654187   0.07673196   0.26795385   0.24928330   0.12644439  -0.02268644   0.01652718   0.22700721   0.31837578   0.05658431   0.32872372   0.30294526   0.29346640   0.15437009   0.05189771   0.01457432   0.03925405   0.09218021   0.08921742
 0.09504615   0.38296160   0.26468672   0.27366068   0.24242524   0.21452465   0.01845234   0.06442366   0.00370098   0.10550584   0.01455124   0.24643184   0.00454756   0.01758943  -0.00669462  -0.04773618   0.11798787   0.10840340   0.21479797   0.10367310  -0.04868109   0.02268362  -0.05723353  -0.04495023   0.03971672  -0.09821666  -0.09238817  -0.02611041   0.04561332   0.16389425   0.19552521   0.27505406   0.34647282   0.47774649  -0.00607864   0.10042195   0.07149903   0.38498958   0.10453512  -0.02438626   0.01851510  -0.04066172   0.11951656   0.27092862   0.08014152   0.08030554   0.33926088   0.68057180   0.08379358   0.15149973  -0.00205478   0.10605346   0.02506769   0.11089920   0.02398739  -0.00082256   0.06230291   0.52123856   0.44039890   0.31011071   0.34479172   0.42145471   0.02656579   0.10212284   0.13715415  -0.03981010   0.42379261   0.57935945   0.48451346   0.31954493   0.00000000   0.46006429   0.42985320   0.36336697   0.25414679   0.46472774   0.07419974   0.27803129   0.49447185  -0.04624477   0.30148049   0.16259319  -0.09073498   0.18444928  -0.02904719   0.11582510   0.15842713   0.12049972   0.36818736   0.25979690   0.35320515   0.05907407   0.19852092   0.07346640   0.10894421   0.34033691   0.03986552  -0.01100159  -0.04587821   0.22697634   0.02686403   0.13441167   0.33512550   0.37099282   0.17191134   0.25520040   0.09998518   0.07061318   0.24119283   0.07285580   0.10868807   0.21313113   0.09604167   0.00613081  -0.04007472   0.06640701   0.12815014   0.14432323   0.13008964   0.14169252   0.26730127   0.19590849   0.21299494  -0.05887104  -0.02129510  -0.10965492  -0.13170489  -0.10467698  -0.03174875  -0.06246740   0.17039224   0.00750949   0.23580806   0.34033333   0.31848227   0.46459026  -0.05557152   0.06390465   0.38697538   0.22272433   0.10055693   0.01151235   0.06679034  -0.00931903  -0.04514866  -0.02154916   0.07490244   0.04633203   0.16519369   0.19943515   0.43988499   0.26544696   0.62523818   0.04561882   0.00320344   0.27462906   0.08632409  -0.11223977  -0.08524238   0.29069791   0.01411204   0.07362983  -0.03034931  -0.06323977   0.49086964   0.40557632   0.42283820   0.19490260  -0.11487820   0.07405048   0.06655055   0.43613772   0.51519558   0.51329796   0.36607981   0.47922272   0.29552917   0.66933258   0.39983165   0.37242729   0.43079569   0.39850208   0.39005739   0.37040084   0.46507653   0.31578701   0.02098859   0.07027946   0.05293642   0.19501624  -0.04226063   0.36153527   0.02239686   0.20290775   0.06109338  -0.03356404  -0.08729550   0.01366943   0.08903783   0.17289416
 0.19611322   0.36334354   0.44674165   0.27978764   0.47433870   0.29758882   0.17825593   0.18029990   0.18194890   0.30455674   0.19155289   0.39189641   0.06028699   0.13028225   0.05675619  -0.02467985   0.24304727   0.26900021   0.30976286   0.20695373  -0.09160408   0.04870638  -0.04811904  -0.03442573  -0.01305152  -0.12070585  -0.06035165   0.05189055   0.23666614   0.26534074   0.49636071   0.35836293   0.57702750   0.54025773   0.11079958   0.13944196   0.13251671   0.56580618   0.31956130   0.18308362   0.05385986  -0.03358705   0.12200540   0.41988746   0.20422446   0.18656945   0.34978863   0.60440502   0.06018739   0.19478176   0.18937490   0.10969423   0.06094050   0.16211948   0.10707619  -0.01427179   0.21588943   0.47024379   0.44837011   0.30825687   0.56296057   0.38646124   0.04872188   0.18760787   0.26413749   0.04921453   0.50960380   0.53874688   0.46482458   0.15470984   0.46006429   0.00000000   0.69512830   0.45879696   0.45335151   0.60269707   0.39620221   0.40059736   0.69886101   0.10918313   0.47367032   0.23393123  -0.05143131   0.12898308  -0.07385231   0.07767829   0.08290804   0.24755702   0.42426589   0.20986568   0.36994999   0.00959216   0.28928778  -0.06601164   0.00918651   0.68152730   0.47578419   0.17172016  -0.09439888   0.48317750   0.18124861   0.23461576   0.52602130   0.38967278   0.36402470   0.40442765   0.22105648   0.24589070   0.43216118   0.23025026   0.29059325   0.42295682   0.14883191   0.09963921   0.01709919   0.13985213   0.18428877   0.29412517   0.25908694   0.32510441   0.44054816   0.27793406   0.32727333   0.00006050   0.05858862  -0.09073178  -0.11388606   0.01674519   0.07590067   0.00137677   0.37195666   0.31100670   0.42379169   0.59074589   0.32855355   0.52522659   0.10262173   0.16313867   0.61432706   0.42658733   0.32071409   0.20356463   0.14749483   0.06041297   0.06351154   0.07333230   0.21465010   0.12724000   0.36460688   0.35537602   0.33189789   0.28753849   0.47669430   0.04479716  -0.00411473   0.29860585   0.04495526   0.05482662   0.11720945   0.38764610   0.09115573   0.12933563   0.06358484   0.04437555   0.57227628   0.38682321   0.62284495   0.19438114   0.06959393   0.08171721   0.20458510   0.51516605   0.43495877   0.32521299   0.40643817   0.48983615   0.36104865   0.44221748   0.42240593   0.51211836   0.72719389   0.67864925   0.49376904   0.47315881   0.64828778   0.67055502   0.11294171   0.12019826   0.27415272   0.35166551   0.11516188   0.41201249   0.04195747   0.53540819   0.47736111   0.15341242   0.03441895   0.10012231   0.29027213   0.29148516
 0.10861104   0.49675975   0.32854212   0.45284415   0.52123834   0.43959434   0.09655167   0.03904125   0.08139413   0.13909120   0.03789543   0.39106846  -0.02553215   0.04456612  -0.07839581  -0.12943318   0.18346619   0.19652268   0.29793975   0.16122165  -0.20270561  -0.11179886  -0.15845265  -0.14120859  -0.06678634  -0.20024661  -0.13047373  -0.06500335   0.18802074   0.28671807   0.41077614   0.55734183   0.75794482   0.67754706   0.07474951   0.08956485   0.14926946   0.77993784   0.26719614   0.08885745  -0.06112099  -0.08227503   0.02555958   0.32528723   0.07056774   0.16810697   0.27892685   0.56866295  -0.01830113   0.09644732   0.10313499   0.06248264   0.07206961   0.15082475   0.08054353  -0.11501968   0.22145318   0.49172026   0.43491621   0.30677987   0.56749197   0.29543364   0.03742619   0.16484966   0.30030256  -0.03033988   0.44418010   0.45688855   0.43818977   0.14943676   0.42985320   0.69512830   0.00000000   0.30948536   0.38439020   0.58584862   0.32134421   0.28720336   0.78337015   0.04621787   0.41138643   0.12795624  -0.03094007   0.05895752  -0.11243990   0.03545961   0.01813606   0.26152480   0.46409119   0.14320139   0.43926127  -0.04670154   0.27210292  -0.04666814  -0.03821173   0.72710446   0.26806323   0.07720166  -0.14456464   0.36450046   0.08943653   0.25272572   0.53624896   0.51398136   0.40704041   0.48094656   0.09515716   0.09998069   0.27582806   0.07550061   0.17862078   0.46961697   0.05324451  -0.01562133  -0.10024198   0.02911427   0.20953356   0.21117626   0.17269933   0.32305897   0.48309917   0.32318228   0.32245034  -0.17694787  -0.09896574  -0.17208876  -0.25004465  -0.07369475  -0.03392111  -0.08048987   0.37317646   0.21100597   0.59345873   0.85537908   0.44941459   0.71743371   0.06803901   0.11789787   0.84982754   0.56734892   0.28831019   0.12642561   0.08802726  -0.01871837  -0.05620985  -0.01498184   0.11639269   0.06706342   0.24731970   0.31650489   0.24309678   0.27302587   0.48937877  -0.00509502  -0.04907910   0.17535442   0.05845076   0.04348416   0.09497911   0.35600684   0.04951692   0.11476183   0.03616775   0.00427089   0.61737350   0.39742312   0.63062051   0.16391369   0.03619011   0.02778444   0.18143099   0.52262478   0.34246961   0.28257301   0.35483380   0.47875067   0.30797672   0.42386711   0.46349623   0.49687049   0.77909807   0.80575879   0.37788510   0.33043214   0.66641249   0.56827546   0.06416791   0.07513187   0.33960943   0.22287300   0.11488938   0.47638684   0.01773687   0.48908063   0.28445194   0.05636452   0.03717071   0.10068328   0.23408787   0.18353447
 0.06626241   0.28582448   0.23128921   0.20858227   0.23318866   0.16749328   0.04041849   0.07435266   0.02921909   0.12612868   0.00705091   0.18242284  -0.00300157   0.00354522  -0.04932453  -0.08171851   0.09391768   0.10306766   0.12172460   0.04293963  -0.05805253   0.02683783  -0.05163996  -0.01658417   0.05291606  -0.09988617  -0.08299816  -0.02590330   0.06364231   0.15103672   0.20370137   0.15732441   0.20299685   0.27802463   0.00026889   0.09952850   0.04062725   0.28572845   0.14819521   0.09076063   0.06491281  -0.03588500   0.09181409   0.23923670   0.12173069   0.04640120   0.25680769   0.40026689   0.02988238   0.14360607   0.02995684   0.10154076   0.00449378   0.06674117   0.02417883   0.01322641   0.11381735   0.32247573   0.28689413   0.22975843   0.27821070   0.21767964  -0.06368637   0.02804676   0.07129129   0.05114594   0.24374768   0.30928589   0.23084091   0.04695628   0.36336697   0.45879696   0.30948536   0.00000000   0.17686949   0.26844380   0.13287209   0.28278259   0.37180343   0.00334155   0.21215871   0.13825358  -0.03907869   0.07054536  -0.04395332   0.02824440   0.10759596   0.04464090   0.19296237   0.08448080   0.13791343   0.01905741   0.12526462  -0.07346343   0.02026175   0.22135619   0.12684933   0.04751210  -0.05929431   0.17775069   0.05231115   0.11752530   0.29784794   0.30635792   0.16391289   0.21846586   0.07113531   0.07343781   0.24435893   0.05275989   0.09161803   0.16139815   0.01982065   0.00338931  -0.03113387  -0.00771726   0.09043649   0.09096732   0.08176892   0.08899090   0.19380220   0.10089595   0.10965612  -0.04299055   0.00750648  -0.10337007  -0.11813317  -0.02451101   0.00492373  -0.07413744   0.17817622   0.03823566   0.19739415   0.21601382   0.19760181   0.28452496   0.01130510   0.04599918   0.28186358   0.20254380   0.11503259   0.10969356   0.02118655   0.00047317   0.00217279   0.04340194   0.09171478   0.05649942   0.21399285   0.15676832   0.33901561   0.17855614   0.39038369   0.02324178   0.01641489   0.20366719   0.06452246  -0.02011668  -0.01782096   0.22978009   0.04305641   0.08870269   0.00408067  -0.03544300   0.31891279   0.25110223   0.27019747   0.09233606  -0.07995224   0.03019587   0.05094850   0.28933841   0.31474427   0.26454576   0.16356045   0.24936547   0.16104650   0.35430788   0.22096866   0.19595392   0.38728935   0.30099235   0.43295300   0.25323075   0.32169518   0.36744808   0.07885686   0.06851744   0.02413540   0.15455474   0.03003737   0.21210830  -0.01889315   0.14410611   0.11583398  -0.01229147  -0.04853801   0.01176897   0.12641032   0.16658042
-0.10246871   0.17895876   0.22205301   0.01551964   0.01950777  -0.06630673   0.01390761   0.00497166   0.04867167   0.10727192   0.05204592   0.06723240   0.00715456   0.03824147   0.09291798   0.09778827   0.07087679   0.10744132   0.20309190   0.11105923  -0.14739639  -0.12178261  -0.05077782  -0.15727294  -0.31877853  -0.08839105  -0.01941389  -0.05695898   0.11980293  -0.03398967   0.16868189   0.08055336   0.42187822   0.23259678  -0.10181219   0.05390611  -0.01249879   0.19248021  -0.01211566  -0.21188656  -0.12378393  -0.16097026  -0.18479807   0.04546777  -0.02668823   0.01245081  -0.10587120   0.22391041  -0.14877694   0.03782230   0.31452847   0.14033495   0.02850570   0.19746370   0.10536074  -0.07181821  -0.16455529   0.40266433   0.11684245   0.05794951   0.11569951   0.22016589   0.18510870  -0.07193718   0.16908336   0.10136360   0.43700274   0.48498093   0.50134915   0.31954544   0.25414679   0.45335151   0.38439020   0.17686949   0.00000000   0.75489923   0.73064072   0.40966368   0.64433991   0.30485487   0.73591473   0.24306675   0.04484562   0.47265252  -0.02838455   0.18755936   0.34160992   0.55256987   0.63578436   0.32758885   0.47823055   0.03841609   0.27595771   0.22483663   0.08753383   0.72003069   0.38775492   0.12366081  -0.07769625   0.69446427  -0.10255937  -0.07253859   0.33980403   0.14797420   0.00830985   0.06604360   0.03742577   0.02193109   0.16265936   0.00119907   0.00553653   0.07287647   0.08874913  -0.06222757  -0.01051961   0.14771064  -0.01477812   0.21114822   0.13287790   0.15771079   0.17589827   0.21653650   0.16612214  -0.05533648  -0.06339893  -0.03614619  -0.09934703  -0.07202361  -0.03700530   0.04772335   0.07903315   0.33359784   0.14600761   0.37315610   0.01171257   0.27964261  -0.09557650   0.08012686   0.29560205   0.09711579  -0.01210140  -0.26591940  -0.03917955  -0.02693684  -0.09891359  -0.19859276  -0.06088338   0.03334145   0.01171618   0.03144930  -0.08711885  -0.01517319  -0.03426237  -0.01964513  -0.13410344   0.13047298   0.00863267   0.04327143   0.37356668   0.49179284   0.08420002   0.13479376   0.04558407  -0.04819908   0.60110588   0.03143433   0.32657582  -0.05907156   0.06641644   0.10390412   0.45033840   0.41647070   0.50609757   0.24336848   0.40999658   0.47658504   0.40293701   0.21337068   0.29351435   0.69470293   0.26521683   0.57624468   0.23608727   0.32499853   0.68180093   0.69951596   0.12666608   0.06578440   0.57233386   0.33251613   0.08741999   0.50964386   0.16152715   0.81282699   0.32193237   0.03454202   0.02141742   0.03342584   0.02028555  -0.06888877
-0.00906666   0.30589509   0.31721394   0.15133513   0.20572938   0.08817310   0.06385443   0.07617509   0.10185043   0.17585446   0.10023617   0.19992721   0.03686121   0.12909662   0.11603919   0.09486353   0.16925073   0.23061715   0.33469665   0.20732294  -0.12522738  -0.05015199  -0.05079503  -0.11207809  -0.23192927  -0.08639753  -0.01214133   0.00969602   0.16515226   0.08892474   0.29866367   0.26921202   0.56588296   0.46496429   0.01887496   0.12708878   0.08673300   0.40811548   0.14153027  -0.08811854  -0.07121496  -0.11823802  -0.08765639   0.19190046   0.07923712   0.13700572   0.11106499   0.53780089  -0.03982077   0.10986175   0.30076267   0.09858299   0.04393013   0.18741014   0.10667074  -0.05560475  -0.00065793   0.51966876   0.40013883   0.19906685   0.39369266   0.44629971   0.23157718   0.11200849   0.29767369   0.09152184   0.58334836   0.59997245   0.61949256   0.37116017   0.46472774   0.60269707   0.58584862   0.26844380   0.75489923   0.00000000   0.58791025   0.40079205   0.72399073   0.24911068   0.68479417   0.24612251  -0.01504126   0.36590821  -0.06468023   0.09438954   0.08516548   0.43972760   0.63598763   0.30386294   0.53258429  -0.02817919   0.39424357   0.06025787   0.00246850   0.77283122   0.44554467   0.13967988  -0.07290688   0.55427882  -0.00837534   0.05728068   0.43523059   0.29022951   0.13421354   0.21197351   0.10928655   0.11394572   0.25847614   0.07673018   0.11599707   0.21963032   0.17277510   0.01806380   0.01365176   0.20022386   0.11771329   0.31240171   0.22806694   0.29040000   0.33289443   0.32419847   0.29939859  -0.04447450  -0.03723379  -0.06388029  -0.10428415  -0.04986348  -0.00475647   0.05942425   0.21011651   0.31541253   0.29035271   0.53125060   0.19856973   0.44992137  -0.01384271   0.13032591   0.48163598   0.25516961   0.15074131  -0.13800407   0.08043374  -0.01478055  -0.05171593  -0.12849398   0.04043632   0.06213094   0.13018775   0.21323614   0.09282990   0.16395803   0.28400089  -0.01961769  -0.08688070   0.23926727   0.01682488   0.01281772   0.29283293   0.43730134   0.08797161   0.10916478   0.03826952  -0.01941283   0.67743338   0.25449488   0.57740571   0.09274774   0.07179333   0.10502902   0.34737817   0.57230137   0.44175934   0.38995331   0.44825178   0.55440016   0.46203554   0.37139902   0.37932478   0.71946271   0.45904359   0.68581815   0.30383276   0.32477842   0.79193170   0.66879388   0.13442985   0.09655891   0.46818243   0.27503688   0.09581731   0.50681264   0.04490621   0.71535662   0.39526017   0.07756692   0.03397854   0.08925873   0.12668714   0.01647098
-0.00011425   0.11893255   0.24334170   0.02571467   0.06194883  -0.01280611   0.11302628   0.12870152   0.13284206   0.19693682   0.22283027   0.16111659   0.11235038   0.19762245   0.20939233   0.20310610   0.14951035   0.21208070   0.30546266   0.20385468  -0.03109177   0.02302157   0.08212049   0.00414716  -0.19963847   0.04602497   0.14494708   0.11793031   0.22609681   0.06646666   0.28473242   0.04681746   0.35335550   0.16033261   0.04054716   0.11307139   0.07209176   0.20531229   0.12084491  -0.08012493  -0.01121164  -0.09094566  -0.11879697   0.14775965   0.07108368   0.14446252  -0.19904296   0.13960517  -0.11482233   0.08438412   0.36382354   0.12567152   0.04034104   0.16720812   0.14530428  -0.01573606  -0.00614742   0.14929718  -0.01786169  -0.04254719   0.15807195   0.06021612   0.18104866  -0.07652707   0.24009628   0.08622256   0.29365456   0.24167409   0.32890724   0.12967358   0.07419974   0.39620221   0.32134421   0.13287209   0.73064072   0.58791025   0.00000000   0.35826140   0.50985058   0.32277134   0.70174059   0.27409407   0.14377984   0.36820858   0.08604716   0.26294150   0.31171847   0.65608943   0.60705120   0.23501958   0.48596323   0.13259402   0.21219309   0.17986968   0.13167192   0.60788185   0.55902136   0.17994359   0.04696462   0.69066698   0.06442867   0.07617914   0.29611664   0.14341262   0.12211426   0.13307743   0.13675200   0.12609605   0.16949206   0.11865847   0.16702052   0.16655985   0.19324490   0.10737202   0.13117683   0.23904346   0.12265295   0.30505323   0.23581928   0.22506074   0.25687499   0.28888306   0.23009944   0.06316272   0.07205819   0.06677260   0.02873946   0.06864789   0.12267551   0.20107293   0.22155914   0.46959604   0.16017567   0.32845450   0.00221129   0.23468002   0.05458993   0.19470522   0.26923824   0.17417624   0.09231450  -0.11240879   0.07622563   0.06780840   0.03769392  -0.05165302   0.04004607   0.12039411   0.09016107   0.16836983  -0.17996515  -0.06706355  -0.09671697   0.00597887  -0.11587866   0.08593075  -0.01783947   0.16005692   0.40053000   0.53348638   0.16447021   0.15182431   0.11480138   0.08659199   0.37929973  -0.04309703   0.26422056  -0.08803822   0.22839871   0.08812755   0.48595971   0.26006943   0.31066795   0.02420968   0.34975734   0.33374977   0.30532592   0.08560518   0.32282260   0.56888550   0.24033286   0.51826873   0.22837247   0.27687093   0.58243108   0.70056048   0.13606883   0.09962974   0.67683340   0.36231457   0.24242638   0.51763761   0.23011105   0.72705296   0.49035265   0.12628072   0.17061875   0.10427282   0.11697143   0.01632660
 0.08229913   0.20548915   0.27756067   0.10636126   0.13682369   0.08167189   0.05910100   0.11697349   0.08104549   0.17226540   0.09106330   0.18103717   0.07521351   0.08456882   0.08193985   0.03354787   0.14449819   0.15054302   0.20877937   0.12594396  -0.04938555   0.02657265   0.02281443  -0.01925951  -0.03249124  -0.01273080  -0.00822701   0.03431701   0.13061618   0.10673449   0.23127581   0.08740614   0.24151090   0.21395698   0.03691222   0.10016266   0.07286034   0.23863769   0.14954104   0.02525756   0.07235548  -0.03385400   0.04626696   0.25820817   0.12430743   0.11293601   0.15368917   0.32065451  -0.02389253   0.17737419   0.19140758   0.13324074   0.03474806   0.12277034   0.12476938  -0.00149185   0.03742845   0.28492211   0.20528916   0.11627331   0.24183328   0.21382147   0.06781673   0.04662600   0.13869677   0.06821711   0.31339082   0.36990338   0.30752510   0.16875786   0.27803129   0.40059736   0.28720336   0.28278259   0.40966368   0.40079205   0.35826140   0.00000000   0.41413659   0.12543793   0.39938864   0.23625191   0.05091204   0.22906195   0.00105387   0.11233544   0.22059456   0.33304955   0.41278018   0.23653598   0.33101867   0.12565088   0.23125135   0.11503955   0.13780468   0.36718214   0.25019593   0.07022184  -0.01506881   0.39576673   0.05904746   0.08196714   0.31456872   0.19970766   0.13590591   0.17449191   0.11263072   0.09453183   0.23979771   0.09645215   0.08797593   0.14984463   0.13271888   0.03872325   0.04564167   0.14752943   0.09321260   0.20115900   0.16461432   0.15733470   0.22314632   0.19658759   0.20032502   0.01342661   0.03211995  -0.01131589  -0.02475071  -0.01100396   0.05881075   0.03040325   0.16203609   0.18660291   0.11012138   0.22956925   0.12474623   0.25443294   0.01191402   0.13512795   0.25289326   0.19870127   0.12490427   0.01906279   0.06089483   0.03537971   0.04510693   0.00081289   0.08007270   0.10862761   0.20082176   0.18205720   0.18228331   0.10827555   0.22431372   0.05234419  -0.05215563   0.19619113   0.02235572   0.10016583   0.15100468   0.32953406   0.12675840   0.13193119   0.02807020   0.01941552   0.36164406   0.15866693   0.26513707   0.08910563   0.03047610   0.10811359   0.24752410   0.29667334   0.35981646   0.22783952   0.26116605   0.32139027   0.25743953   0.23236211   0.31924002   0.36750074   0.29072587   0.36382035   0.30332903   0.30061006   0.40630897   0.45385193   0.10393035   0.10026275   0.28880062   0.25479452   0.10881714   0.35642941   0.10607398   0.37369729   0.22705605   0.04935485   0.01063389   0.03000010   0.10992296   0.12710185
-0.00605435   0.46482799   0.33143504   0.33622384   0.32982361   0.27153349   0.03148149   0.01074774   0.05348336   0.10723566  -0.00343653   0.29008373  -0.03496144  -0.03165890  -0.06310087  -0.07946614   0.10864413   0.13283953   0.24084983   0.09844741  -0.21853100  -0.16187634  -0.17820895  -0.19870716  -0.17358950  -0.20499668  -0.16353662  -0.13896274   0.10064321   0.14110272   0.30305763   0.36117815   0.63325035   0.49551584  -0.09171250   0.06497010   0.02996726   0.55708042   0.11195799  -0.10070147  -0.10577022  -0.15839051  -0.05674304   0.24678306   0.00636069   0.08898613   0.13635858   0.50808843  -0.06787878   0.09884492   0.15801317   0.11391486   0.03686212   0.18026981   0.06984326  -0.11898488   0.00241679   0.56028566   0.32878624   0.24185532   0.39979767   0.28980249   0.08521926   0.02386273   0.20135328   0.02729720   0.47206045   0.54761009   0.48706661   0.21536814   0.49447185   0.69886101   0.78337015   0.37180343   0.64433991   0.72399073   0.50985058   0.41413659   0.00000000   0.14143282   0.60269679   0.21403814  -0.04232245   0.24927476  -0.08029202   0.10904189   0.18745388   0.39267198   0.58591723   0.26556610   0.49538910  -0.02443992   0.27160826   0.06374275   0.03663188   0.78716718   0.30917365   0.08536329  -0.13195522   0.54210708  -0.02041036   0.12313780   0.53657120   0.45767607   0.25969546   0.37674725   0.07051465   0.05277143   0.25488425   0.01907985   0.10272099   0.34303158   0.02631765  -0.09635754  -0.11233444   0.04014412   0.06625002   0.18373508   0.12671481   0.22829411   0.37991773   0.29639759   0.25656912  -0.18222120  -0.14267849  -0.18331226  -0.25724361  -0.13015822  -0.09528231  -0.10332040   0.23357869   0.21731777   0.42508600   0.71844246   0.27910178   0.60236017  -0.08844739   0.08694834   0.71337445   0.38356883   0.11520006  -0.09255890  -0.02551776  -0.02984117  -0.11298360  -0.12835756   0.00889334   0.03103143   0.16177403   0.18421636   0.19013026   0.14946732   0.37527424  -0.00520638  -0.07950831   0.20218487   0.05171733   0.00681792   0.19287612   0.47806375   0.04079832   0.12315930   0.01492074  -0.06467093   0.71182634   0.27113899   0.53283325   0.07060181   0.00355998   0.07307843   0.28316598   0.52256295   0.52605250   0.35637759   0.40586239   0.52664651   0.35759082   0.44997257   0.45543690   0.64095146   0.69165011   0.83349875   0.44386554   0.38654797   0.76044336   0.74059248   0.11624371   0.08791851   0.42893442   0.28329521   0.07655839   0.55179524   0.06548755   0.64655920   0.29465437   0.01050239  -0.00740043   0.05067115   0.12092492   0.08369897
-0.02921476  -0.01338700   0.06194498  -0.06079219  -0.03229949  -0.09133785   0.04316658   0.03590135   0.06868836   0.05731868   0.08706235  -0.01508235   0.03983918   0.05993812   0.08383858   0.10434006   0.02809180   0.05305504   0.09558081   0.05137040   0.00053256   0.02568331   0.03716703  -0.01264352  -0.13152832   0.02122858   0.05770048   0.03596170   0.07488938  -0.02888317   0.07543398  -0.06903666   0.08130472  -0.02988670  -0.00768418   0.03249578   0.00918548  -0.01612462  -0.01819868  -0.06318815   0.00224879  -0.02510146  -0.09282190  -0.01016573   0.02138915   0.03530099  -0.10420884   0.01034909  -0.01193485   0.02621772   0.21268105   0.10038460   0.03041485   0.07492458   0.07319928   0.02661215  -0.04455771   0.03026355  -0.02488368  -0.04725414   0.01475331   0.05765991   0.11229900  -0.01761805   0.06596843   0.07615845   0.12675397   0.06941595   0.08979327   0.06890432  -0.04624477   0.10918313   0.04621787   0.00334155   0.30485487   0.24911068   0.32277134   0.12543793   0.14143282   0.00000000   0.30668175   0.13897784   0.06133360   0.15670803   0.04990697   0.02934067   0.03055992   0.25422586   0.21787951   0.08613428   0.13792202   0.05278255   0.12634558   0.06499880   0.02502268   0.22664391   0.24851787   0.12543153  -0.01141978   0.23428807  -0.02450452  -0.02564950   0.07654356   0.00293629  -0.02626189  -0.02129071   0.01484218   0.03593468   0.03937827   0.03418912   0.02086768  -0.00473822   0.06615125   0.01898713   0.04284456   0.09723869  -0.00391055   0.11038482   0.07138254   0.05903548   0.03873771   0.08132216   0.06721138   0.06517887   0.04129665   0.03410941   0.04865823   0.01993873   0.02108513   0.06785599   0.02126633   0.19584619  -0.02550132   0.04974721  -0.07958691  -0.02581946   0.00489518   0.04327727   0.02388208  -0.02018051   0.00264183  -0.09224516   0.00942347   0.01748357   0.01920100  -0.06550958  -0.00435380  -0.00581882   0.00747467   0.01610638  -0.12969475  -0.05634744  -0.13143273   0.03114672  -0.05217825   0.04884171  -0.02158258   0.08194854   0.23922434   0.15671121   0.06769404   0.05985538   0.04758356   0.03424357   0.11561849  -0.06506067   0.06920421  -0.05339374   0.08419090   0.05860870   0.17709363   0.09299937   0.05008996  -0.02662911   0.07231283   0.06273774   0.12058632  -0.06054430   0.00901032   0.20103502   0.01492716   0.13805968   0.03820300   0.07072078   0.18203286   0.25017213   0.08784044   0.04546888   0.26390576   0.10118442   0.04759597   0.12459406   0.06360794   0.29603347   0.19612900   0.07407718   0.05830642   0.02018652   0.03479417  -0.04803098
-0.02219375   0.21123873   0.27177360   0.10170595   0.10997605   0.04025237   0.06097315   0.06506334   0.07997537   0.16761094   0.12695305   0.15533968   0.05769934   0.10931983   0.10826110   0.09557739   0.13741509   0.17398232   0.24916809   0.17046047  -0.11388684  -0.04196496  -0.01956872  -0.09078844  -0.22580787  -0.06840358   0.00517186   0.00161280   0.15139980   0.08147774   0.26219688   0.12327783   0.40536002   0.24068434  -0.04022440   0.08005968   0.06413150   0.27151161   0.10883099  -0.11578367  -0.05748832  -0.11930272  -0.10580614   0.14604077   0.05687539   0.10599999  -0.08271417   0.30539854  -0.08643225   0.09824036   0.33728974   0.17933017   0.06702386   0.19341418   0.13205203  -0.04258167  -0.02858895   0.28044975   0.10261031   0.04580598   0.25227993   0.18687207   0.16605806  -0.05228735   0.23585394   0.08036465   0.37531959   0.35206560   0.40580466   0.18861231   0.30148049   0.47367032   0.41138643   0.21215871   0.73591473   0.68479417   0.70174059   0.39938864   0.60269679   0.30668175   0.00000000   0.28889135   0.06473307   0.36885459   0.01248108   0.15291512   0.25360305   0.59892367   0.62658399   0.26112165   0.47001673   0.07571376   0.27737342   0.13391249   0.09473841   0.64768684   0.43672377   0.12314219  -0.04185615   0.60837405  -0.01433646   0.05746160   0.36796669   0.22467410   0.13991516   0.16673127   0.08539199   0.08824326   0.21716914   0.06359340   0.08188527   0.17345360   0.13243021   0.00630065   0.03625813   0.16970518   0.08603230   0.26957640   0.19464579   0.22482597   0.25925917   0.26171740   0.22989372  -0.01425488  -0.00134908  -0.03456709  -0.07816309  -0.03879021   0.00325024   0.06851882   0.18882431   0.35295399   0.19365649   0.38373579   0.05600667   0.29530081  -0.03423670   0.12271843   0.35156200   0.20895094   0.09936382  -0.15247601   0.02629513   0.02615195  -0.03557026  -0.11607344   0.02194442   0.08287665   0.10301408   0.15148775  -0.06051278  -0.01340296   0.06729932   0.01409574  -0.10851515   0.17170907   0.02206365   0.09034156   0.34040426   0.54359798   0.12969167   0.13764695   0.05701616   0.01513616   0.47542720   0.03207339   0.33919575  -0.05137800   0.10532085   0.11367220   0.43317374   0.35003518   0.37578545   0.13873597   0.32510052   0.37284328   0.33002535   0.22344539   0.30719173   0.59525542   0.32890088   0.56431313   0.29351491   0.28556797   0.64438694   0.67696847   0.15398163   0.09948608   0.60660828   0.29884980   0.11130294   0.49040256   0.11152467   0.67516893   0.36682945   0.07278071   0.04101726   0.07089268   0.11007152  -0.02241774
 0.09459751   0.06237253   0.17584366   0.02976109   0.03126350   0.02777395   0.12067132   0.13556044   0.07752375   0.19438275   0.16434781   0.14552451   0.10882155   0.15381422   0.16090141   0.11753649   0.12550607   0.14437874   0.18280296   0.12642699   0.04688933   0.11408948   0.09203147   0.08352334  -0.00315065   0.07862564   0.08404817   0.10088949   0.11607786   0.09122684   0.18526001  -0.03587477   0.07854219   0.08803473   0.08707067   0.10550381   0.10800573   0.12716395   0.11188545   0.03932157   0.10479449  -0.00687935   0.07555929   0.17866071   0.11774013   0.13877151   0.06148009   0.22679045   0.05068289   0.22414721   0.18002622   0.10904226   0.05034507   0.09637225   0.12940310   0.06932044   0.04106128   0.08672196   0.09532417   0.02061919   0.18957949   0.09468252   0.01932343   0.03960949   0.04574232   0.07247227   0.13716158   0.21238355   0.13699344   0.05710632   0.16259319   0.23393123   0.12795624   0.13825358   0.24306675   0.24612251   0.27409407   0.23625191   0.21403814   0.13897784   0.28889135   0.00000000   0.07903858   0.16481569   0.07492925   0.13427370   0.15384550   0.33684053   0.30123372   0.14805295   0.26286555   0.18522667   0.08516885   0.09116335   0.15943444   0.20827521   0.24975330   0.09957418   0.03781432   0.28856407   0.10005119   0.09686599   0.18074458   0.07719545   0.08746505   0.10159564   0.12835197   0.12051995   0.19600745   0.13104445   0.15082003   0.11934700   0.17135850   0.08438394   0.11159896   0.15943290   0.08665582   0.18892785   0.17403573   0.12502569   0.16849715   0.16374401   0.17000221   0.12589952   0.12019988   0.08571743   0.07877114   0.07140284   0.11664090   0.10347698   0.13456644   0.21376617   0.00123018   0.08236826   0.01912794   0.09756520   0.07683179   0.11945672   0.10878435   0.10276727   0.09809921   0.04003221   0.05347235   0.05838949   0.10151686   0.04933295   0.14322424   0.11962011   0.19459620   0.15468235   0.10786144   0.04627094   0.12819354   0.12123228   0.00085329   0.22262509   0.03229610   0.11180956   0.14631995   0.30004781   0.13502413   0.09113664   0.05822296   0.08530189   0.16385978   0.08297144   0.15297228   0.07236822   0.07276170   0.10150881   0.21844267   0.13925509   0.24200231   0.14268577   0.15490197   0.18233095   0.14887438   0.13781401   0.23724900   0.25313532   0.12396883   0.19944809   0.19260373   0.27767619   0.26401186   0.31800739   0.12428459   0.08139830   0.27175923   0.21658020   0.09570072   0.24331167   0.16439442   0.25952993   0.23850899   0.08524558   0.05570928   0.04781886   0.10565944   0.15108699
 0.16377840  -0.07771447   0.08833144   0.01194574   0.01354593   0.07146755   0.11610710   0.19416687   0.09987558   0.14431773   0.19258914   0.17344420   0.17005035   0.22097387   0.18539919   0.16568304   0.13012609   0.13926476   0.19712707   0.15722752   0.17357350   0.18579085   0.22159915   0.24566790   0.16727751   0.20303908   0.25482583   0.21030759   0.16970978   0.12507259   0.14856338  -0.01943574   0.02602653  -0.01773824   0.22055813   0.13396526   0.16882422   0.05994135   0.14203014   0.15531860   0.18557998   0.13361369   0.14311729   0.13860213   0.15800355   0.18387947  -0.09248124  -0.01316929   0.05503663   0.06202425   0.12525556   0.08829167   0.07208993   0.09205056   0.16625627   0.11243928   0.18351543  -0.14789562  -0.07668330  -0.13137994   0.02061676  -0.03930419   0.11291329   0.05364158   0.10578515   0.07496721  -0.01432557  -0.09204166   0.01427672  -0.02172636  -0.09073498  -0.05143131  -0.03094007  -0.03907869   0.04484562  -0.01504126   0.14377984   0.05091204  -0.04232245   0.06133360   0.06473307   0.07903858   0.00000000   0.10862849   0.32496918   0.27495373   0.19209618   0.25344364   0.22614047   0.01118595   0.18312055   0.29256353   0.07790957   0.19414623   0.16385248  -0.04640198   0.11659252   0.04880722   0.25224683   0.16650642   0.21080588   0.13302717   0.00588540  -0.04507373   0.09124851   0.09223132   0.11787183   0.09513437   0.06984824   0.11066435   0.14212030   0.12512064   0.19460098   0.19740153   0.17324577   0.19214983   0.16418174   0.18317185   0.18401033   0.11667013   0.12267581   0.11206370   0.13523478   0.15431614   0.17582215   0.12702837   0.19287331   0.18570058   0.23683569   0.21614423   0.18290125   0.24834804  -0.01009898  -0.02785041  -0.03256702  -0.01647780   0.20041884   0.17638232  -0.04577050   0.08063027   0.10375333   0.12394369   0.11842576   0.07838476   0.16661893   0.14747911   0.10388932   0.11570875   0.08388121   0.19047798  -0.08799007  -0.05672761  -0.09343134   0.03349052   0.01078519  -0.02044788  -0.00281046   0.14731732   0.08234177   0.10468130   0.18826789   0.11944364   0.08633479   0.14591298  -0.10975485  -0.06616840  -0.05632349  -0.03494447   0.18148810   0.01076949   0.13837105  -0.09963894  -0.05664091  -0.17122267   0.06284702  -0.01169570  -0.03208883  -0.12562752   0.18030337   0.00084112  -0.01914921  -0.00994529  -0.04349089   0.03749587   0.00597794   0.01416565   0.01199283   0.00885300   0.23513242   0.11841890   0.30392263   0.16295333   0.17523814   0.04630968   0.09583819   0.05497402   0.28117622   0.16579373   0.10658742   0.10136321
 0.00271917   0.06038092   0.16469636   0.01450642  -0.03767296  -0.03121835   0.02676625   0.07922719   0.03675708   0.08861508   0.06689208   0.05451421   0.05339638   0.08973241   0.13146865   0.13832454   0.06254035   0.07789041   0.16140315   0.08574214   0.01281514   0.02343843   0.04442555   0.00417912  -0.12082992   0.05368140   0.08449097   0.04077738   0.09990323   0.02898517   0.09314156  -0.00838688   0.13508305   0.09877870  -0.02790079   0.07684907   0.00942407   0.01956007  -0.03812773  -0.15862491  -0.02895557  -0.08152184  -0.06879024   0.02282438   0.01849862   0.03022042  -0.07167165   0.13467531  -0.06165112   0.08637955   0.17607042   0.13114711   0.02093953   0.19676876   0.10531787  -0.00462875  -0.05697924   0.19454762   0.07591971  -0.01068232  -0.02696591   0.13455305   0.13769746  -0.07315836   0.06699316   0.08574369   0.29706466   0.34327138   0.31675147   0.27812286   0.18444928   0.12898308   0.05895752   0.07054536   0.47265252   0.36590821   0.36820858   0.22906195   0.24927476   0.15670803   0.36885459   0.16481569   0.10862849   0.00000000   0.16142970   0.23734176   0.33850115   0.35843485   0.38381636   0.24980311   0.31854989   0.13354878   0.15660634   0.32276800   0.18338048   0.28617483   0.19063217   0.08249292   0.07627462   0.43532206  -0.00399734  -0.00162565   0.16791651   0.04941812  -0.01505237   0.02534175   0.05790677   0.02249823   0.09064780   0.01900937   0.00534858   0.01338423   0.13829415   0.02255065   0.05183332   0.15410946   0.06273524   0.16010277   0.12927269   0.06219496   0.07339903   0.13869980   0.12725674   0.02484590   0.03229883   0.01343791   0.01381666  -0.03210997   0.03157949   0.08993000   0.05425966   0.23666669  -0.00320767   0.07323992   0.01945511   0.12214723  -0.06232962   0.04807712   0.01613918  -0.03391452  -0.04135043  -0.20897883   0.01706971  -0.02172715  -0.02945121  -0.11800606  -0.05906417   0.04216275  -0.02026316   0.01487082  -0.00050425  -0.01647455  -0.03267958  -0.01547336  -0.08696491   0.08392419   0.03178686   0.03113105   0.22342398   0.28840721   0.06714193   0.13115159   0.03897305  -0.00016281   0.27276474   0.01491802   0.11043189  -0.02050859   0.04516723   0.05568421   0.29618862   0.22540761   0.36915579   0.22139929   0.26905478   0.31229962   0.29437312   0.14314082   0.23046014   0.40723441   0.03181922   0.19705591   0.09557688   0.26455701   0.31224632   0.31350465   0.08019311   0.01827893   0.32788868   0.28796845   0.09643267   0.31334504   0.18888380   0.40168840   0.14262227   0.01046709   0.05784325   0.03362751  -0.00327545  -0.00088403
 0.12266522  -0.12803408   0.02113408  -0.04138965  -0.06967124  -0.00640607   0.16347921   0.18520988   0.11294889   0.13415464   0.19771890   0.11493090   0.14675601   0.17519305   0.18402486   0.18369971   0.04933776   0.07533740   0.14099294   0.10896269   0.29685477   0.27878293   0.24827531   0.29912512   0.27878052   0.28363585   0.29292937   0.21569473   0.16737258   0.04299176   0.06689424  -0.09002667  -0.09056669  -0.08068069   0.19186703   0.09559290   0.09236987  -0.04524353   0.04414067   0.16730919   0.23012378   0.14019897   0.20676775   0.10183848   0.14659012   0.14919432  -0.03034424  -0.02270887   0.10798450   0.10020047   0.11192720   0.06038224   0.04945536   0.02058762   0.12414693   0.18252823   0.10023584  -0.15464491  -0.04770152  -0.08939306  -0.03954941  -0.00946747   0.18279081   0.06490881   0.06492970   0.03543497  -0.02072669  -0.04072376  -0.01395115  -0.00840871  -0.02904719  -0.07385231  -0.11243990  -0.04395332  -0.02838455  -0.06468023   0.08604716   0.00105387  -0.08029202   0.04990697   0.01248108   0.07492925   0.32496918   0.16142970   0.00000000   0.34431851   0.14233860   0.19641821   0.10782505   0.02999355   0.11041015   0.29921566   0.06084407   0.20159359   0.24192989  -0.11205392   0.09154094   0.10359239   0.37793323   0.12810715   0.17435605   0.08925762  -0.06615293  -0.09701359   0.00897853   0.02544298   0.09629738   0.06054481   0.00318781   0.12130222   0.15778838   0.04126892   0.17507817   0.20230690   0.18888259   0.17425111   0.10810493   0.10310983   0.11873009   0.05145587   0.04725141   0.08986696   0.08338339   0.22604487   0.23106471   0.16765586   0.22381059   0.20309739   0.24929489   0.24368410   0.11050130   0.17793863  -0.07057070  -0.12225123  -0.07140354  -0.09422564   0.19201428   0.14623707  -0.10977515   0.00025813   0.00588751   0.10927391   0.09863498   0.14583620   0.21374730   0.18585509   0.08241850   0.08815447   0.05742761   0.12134018  -0.04512284  -0.02939415  -0.07605705   0.08028225   0.06096089   0.00972989  -0.02234750   0.15116908   0.04325035   0.04074059   0.16341497   0.03603275   0.06765545   0.15569837  -0.16482617  -0.06016997  -0.10239561   0.01940936   0.22305980   0.01295447   0.08216014  -0.14083173  -0.07586833  -0.10882621   0.06366753  -0.04384224  -0.02470922  -0.09501073   0.12294832  -0.03979650  -0.09107498  -0.07709237  -0.03819083   0.04576579  -0.08200784  -0.02840972   0.02070024   0.00499101   0.12426749   0.10276234   0.27170277   0.06115997   0.20098588  -0.04939480   0.08396379   0.09232840   0.32125889   0.12714442   0.07364258   0.14771373
 0.23620939   0.02598515   0.21372981   0.09921614   0.04044106   0.12382774   0.21286199   0.29880226   0.15938143   0.29059340   0.32782159   0.31125040   0.23409802   0.33135148   0.32396556   0.25968008   0.21456558   0.21955551   0.32085407   0.25940860   0.22766900   0.26098621   0.28296006   0.29466254   0.27676982   0.27666107   0.35798401   0.35964348   0.25822092   0.13202354   0.23269539   0.01828439   0.10708426   0.11481472   0.27216699   0.21742795   0.17281980   0.13910513   0.17600600   0.11759169   0.20372341   0.08764632   0.22750635   0.24370830   0.20019973   0.27105107  -0.00138393   0.07292525   0.03948882   0.13412780   0.15363628   0.08334223   0.06590115   0.11280569   0.16166167   0.15345576   0.14778857   0.05439961   0.04073766  -0.05139226   0.06488327   0.07730835   0.30305771   0.07445082   0.23090579   0.03920709   0.19346099   0.14686057   0.27436533   0.20945100   0.11582510   0.07767829   0.03545961   0.02824440   0.18755936   0.09438954   0.26294150   0.11233544   0.10904189   0.02934067   0.15291512   0.13427370   0.27495373   0.23734176   0.34431851   0.00000000   0.39035158   0.36398828   0.34185986   0.21325046   0.40579118   0.35367907   0.15317607   0.40257689   0.43111898   0.05573597   0.22360707   0.09108722   0.46096278   0.40206608   0.28739942   0.20074691   0.12098175   0.04365445   0.13091280   0.20669936   0.26843150   0.19429236   0.20381735   0.28128767   0.30579377   0.23410718   0.35415076   0.32710724   0.26209422   0.34406354   0.22129731   0.31421511   0.32351728   0.20183195   0.23740968   0.26761002   0.25616064   0.24407558   0.26116369   0.21905537   0.20078627   0.21696683   0.32028851   0.34469769   0.20559497   0.37892864   0.02725947   0.04277764   0.06007103   0.15727203   0.22583055   0.26572239   0.01616536   0.14240773   0.10761057   0.10675740   0.22094288   0.11992836   0.21831828   0.18019699   0.16462111   0.15329233   0.11697485   0.29577531   0.05441430   0.07510147   0.05805264   0.07211717  -0.00994722   0.08227141   0.01929475   0.16166774   0.07628017   0.22667988   0.19468089   0.14401705   0.06822515   0.17681847   0.07883964   0.07991599   0.02782482   0.12225183   0.25030850   0.07731204   0.21820800   0.07540153   0.20142375   0.08458326   0.38297333   0.27117666   0.17144173   0.14273035   0.41037789   0.19352285   0.08111833   0.12056054   0.07383026   0.25200995   0.13364299   0.14645691  -0.00196426   0.03448946   0.30477042   0.37031139   0.31534540   0.35629871   0.40967618   0.17244784   0.20912915   0.08783393   0.31223959   0.23508545   0.19659844   0.23400326
 0.02284321   0.02984370   0.10933918  -0.01752748  -0.02818365  -0.02428625  -0.00150952   0.05877802  -0.00492093   0.05909974   0.04116044   0.08238862   0.02651337  -0.01573740   0.03150180   0.00473790   0.01657776   0.00369191   0.07187127   0.02687605  -0.03071130  -0.03691301   0.04332015   0.01578686   0.07710251   0.01733908   0.03933310   0.00171378   0.02459446   0.01349580   0.11809586  -0.09826546   0.00209286  -0.01821920  -0.00707868   0.00233348  -0.00543529   0.00845152   0.00317420  -0.03073976   0.02272168  -0.01741840   0.11714226   0.11917666   0.00993353   0.01404958   0.01873629   0.11786473  -0.09100337   0.06249876   0.04236458   0.11819604   0.02643651   0.17663203   0.08871888  -0.00321925  -0.02854576   0.04786257  -0.15507181  -0.08696112  -0.04553869  -0.10831117  -0.03913714  -0.14446239  -0.03114628  -0.00036691   0.07493854   0.29141622   0.26474432   0.12607187   0.15842713   0.08290804   0.01813606   0.10759596   0.34160992   0.08516548   0.31171847   0.22059456   0.18745388   0.03055992   0.25360305   0.15384550   0.19209618   0.33850115   0.14233860   0.39035158   0.00000000   0.48210840   0.43692457   0.29199543   0.40515269   0.31863843  -0.04758172   0.52701459   0.37315985   0.15976078   0.05331558  -0.00421418   0.04250089   0.56387297   0.01751687  -0.02073032   0.11751557   0.00518764  -0.01576270   0.02604090   0.06566469   0.01632859   0.04857420   0.01081134  -0.00669165   0.02142533   0.03243118   0.00633209   0.01807971   0.04777153  -0.00026741   0.05647764   0.02791272   0.00351506   0.01644394   0.03713894   0.02666309  -0.02253160  -0.03764503   0.00255460  -0.00907665  -0.01235214   0.03987447   0.02743648   0.04215210   0.18613592  -0.05393121   0.01597151  -0.04473066   0.06724052  -0.03446625   0.04570971   0.02492142  -0.00794118  -0.05189284  -0.02972409  -0.03385654  -0.00745121  -0.01660400  -0.00201962  -0.01409205   0.09872797   0.05016734   0.02380943   0.15957241  -0.05162981   0.00605440   0.07161823  -0.07007351   0.05358344   0.05400384   0.08922251   0.10010158   0.37573371   0.11084033   0.19889820   0.03284957  -0.01322147   0.07752998  -0.07850922  -0.01884041  -0.00238491   0.00261444   0.02202262   0.27921340  -0.01660764   0.46542324   0.06205602   0.30607845   0.29732208   0.11901080   0.17851793   0.45340806   0.25337378   0.00187993   0.11932681   0.16411943   0.48714393   0.19208635   0.23025294   0.03064097   0.03121173   0.35675603   0.40737079   0.11547297   0.46480315   0.41023342   0.28540238   0.01350422  -0.02876665   0.00180592   0.01330070   0.00658033   0.19837728
 0.06638800   0.07236861   0.19901869   0.00620029   0.02500441   0.00761708   0.12588945   0.14491182   0.12239346   0.17765778   0.23648296   0.19766574   0.17166002   0.23824645   0.24325424   0.22110286   0.14876548   0.20269397   0.34133963   0.22868177   0.02887255   0.05202709   0.13903062   0.06457627  -0.04232842   0.12255526   0.17725784   0.17276827   0.20981165   0.07708867   0.26917342  -0.00251663   0.24980538   0.11082926   0.13320832   0.14383269   0.13061450   0.20921494   0.14768480  -0.01985404   0.06096190  -0.00623837   0.04892868   0.20592504   0.11717755   0.24414362  -0.10565417   0.21321593  -0.07081333   0.16159297   0.33836635   0.15366573   0.11341386   0.19374721   0.21915770   0.00833143   0.01532461   0.05109674  -0.03790420  -0.11459393   0.18544541   0.05022433   0.23330473   0.00422658   0.22920864   0.04774588   0.22628715   0.25716397   0.33782957   0.17214402   0.12049972   0.24755702   0.26152480   0.04464090   0.55256987   0.43972760   0.65608943   0.33304955   0.39267198   0.25422586   0.59892367   0.33684053   0.25344364   0.35843485   0.19641821   0.36398828   0.48210840   0.00000000   0.75372731   0.31029939   0.70005126   0.35811742   0.22801649   0.39723841   0.37099606   0.44136487   0.40920336   0.11564141   0.10248687   0.65634418   0.09830987   0.10376359   0.23836371   0.07398173   0.10479027   0.12964453   0.15601229   0.13502359   0.13725231   0.13733231   0.15064329   0.17489956   0.25881965   0.14779966   0.15900926   0.29082630   0.13986933   0.32319581   0.24522860   0.25089475   0.26986143   0.31580773   0.25708454   0.10764698   0.06434475   0.12335301   0.08696319   0.09254411   0.16176854   0.21570421   0.23164428   0.43564718   0.07627209   0.24926884  -0.03349012   0.19079603   0.11934887   0.22905873   0.23133938   0.17525455   0.11218746  -0.05084574   0.10943624   0.08909872   0.09201459   0.01762181   0.10511016   0.18900326   0.12590149   0.24241097  -0.07635806  -0.02225187  -0.01541255   0.08237042  -0.12664109   0.15370678  -0.03039537   0.22996339   0.34266595   0.53250137   0.23525049   0.20997985   0.09610885   0.12385619   0.24058869  -0.05477935   0.17600037   0.00306155   0.26382925   0.12416618   0.45292082   0.12805610   0.27265614  -0.01605720   0.36112615   0.30643814   0.22987488   0.06708253   0.52317520   0.45518928   0.14040277   0.39372426   0.16920996   0.34478127   0.44606071   0.49030040   0.11855942   0.10942721   0.77890067   0.36588370   0.28811706   0.64848416   0.39392177   0.56312802   0.33070116   0.11004249   0.19153366   0.11054045   0.12085650   0.14550603
 0.16203173   0.25379651   0.36450891   0.18045601   0.17681473   0.17293276   0.15606296   0.23458470   0.13874830   0.24982551   0.22718550   0.35666538   0.18526465   0.25407431   0.21864932   0.16700138   0.22246473   0.25255721   0.46629146   0.26864582   0.02637695   0.08599551   0.12256979   0.07025492  -0.03424609   0.07867719   0.14404236   0.17242092   0.25782617   0.17878217   0.33538329   0.17768347   0.44773400   0.36991729   0.15377613   0.19928554   0.14181324   0.40428854   0.21543855   0.01854484   0.08974378  -0.03039874   0.09829062   0.30283370   0.16518123   0.30456638   0.06355002   0.43898690  -0.04068947   0.15347339   0.29551835   0.16313365   0.09391392   0.21973677   0.21224303   0.01527931   0.08087666   0.29171782   0.21446565   0.01607107   0.31068954   0.30673833   0.24619146   0.10416119   0.32803359   0.07902353   0.41947079   0.47649400   0.56396899   0.36083366   0.36818736   0.42426589   0.46409119   0.19296237   0.63578436   0.63598763   0.60705120   0.41278018   0.58591723   0.21787951   0.62658399   0.30123372   0.22614047   0.38381636   0.10782505   0.34185986   0.43692457   0.75372731   0.00000000   0.38594895   0.79170506   0.29526000   0.36187221   0.37216089   0.30347549   0.54232832   0.39615475   0.09549135   0.05117051   0.63377506   0.18654970   0.18240713   0.40808892   0.24704095   0.21353375   0.29505923   0.22216869   0.18744017   0.27343782   0.19093157   0.22089835   0.29485946   0.30684749   0.17629074   0.14520789   0.31893430   0.21978042   0.39452878   0.30746061   0.30332680   0.42563944   0.39075673   0.36501854   0.09007429   0.07904411   0.07078398   0.02966689   0.06958000   0.18780823   0.18906089   0.34620412   0.40296814   0.21210062   0.41000643   0.15245890   0.40958179   0.12799032   0.24575458   0.42005534   0.28741553   0.17515572  -0.00517147   0.16008385   0.07577385   0.08614543   0.02032546   0.13424532   0.19750475   0.18068560   0.35228124   0.10625785   0.14091408   0.23189648   0.06534118  -0.11108077   0.22525321   0.00162152   0.15873034   0.26244235   0.56172494   0.23737542   0.23771003   0.08272348   0.10300352   0.47814979   0.16222599   0.36197258   0.10652860   0.20607234   0.13465617   0.40827602   0.35129966   0.46980274   0.21867744   0.50937118   0.51820642   0.41308012   0.35107397   0.65463684   0.60587245   0.35245870   0.53960027   0.31342193   0.40125246   0.63907170   0.56159415   0.09558403   0.12371067   0.68410768   0.38554095   0.27697379   0.81542028   0.33252067   0.59143061   0.34226542   0.09633429   0.15783082   0.12097841   0.15708503   0.15698069
 0.08254873   0.11405452   0.28199940   0.03669804   0.05186800   0.05369365   0.06899610   0.13542000   0.05906686   0.17194365   0.06556222   0.15945860   0.08394573   0.05609078   0.07118701   0.05536625   0.11445224   0.11421031   0.17840019   0.11765396  -0.05362249  -0.00318178   0.05629253  -0.00847444  -0.01682665   0.01153428   0.04754186   0.02788837   0.16398816   0.04538798   0.15269928   0.06593704   0.17929538   0.18939046   0.05893991   0.08914962  -0.00586813   0.13394503   0.07135447   0.00445120   0.03963373  -0.02805350   0.12610066   0.17820005   0.09054547   0.10772924   0.17547683   0.20084105   0.03336984   0.09584674   0.21576833   0.13829368  -0.02013048   0.09100763   0.09426017  -0.00457696  -0.05561692   0.31483745   0.19248909   0.05246162   0.08402707   0.36265211   0.33538650   0.14299854   0.22458687   0.03775605   0.35460297   0.40379140   0.45020116   0.48928341   0.25979690   0.20986568   0.14320139   0.08448080   0.32758885   0.30386294   0.23501958   0.23653598   0.26556610   0.08613428   0.26112165   0.14805295   0.01118595   0.24980311   0.02999355   0.21325046   0.29199543   0.31029939   0.38594895   0.00000000   0.35901077   0.17723123   0.25524850   0.41518043   0.32698958   0.25363856   0.20735846   0.10054053  -0.00753195   0.35002714   0.05781169   0.03796000   0.26550291   0.09450542   0.06394177   0.13936018   0.13108680   0.10967337   0.23725112   0.10953313   0.07586843   0.12173247   0.10079459   0.04408622   0.05850275   0.11777248   0.06505924   0.16734648   0.13991640   0.13287202   0.14607298   0.15249402   0.16184844   0.03995287  -0.00512491   0.02968267  -0.01331563   0.00147309   0.05544642   0.08198014   0.10992726   0.17393513   0.05374278   0.14820463   0.09047504   0.21617205  -0.01102761   0.07003900   0.15113648   0.10565465   0.05905197  -0.02823046   0.11051252   0.05321552   0.00107258  -0.02326863   0.08849388   0.09685813   0.05720015   0.15637553   0.11369093   0.24863552   0.13880244   0.10563413   0.01026737   0.19842168  -0.00363749   0.08055711   0.13064232   0.19793519   0.09614068   0.11676923   0.03000282   0.03720563   0.31641516   0.14560698   0.17494405   0.15301219   0.12430731   0.08874312   0.18393680   0.27800133   0.33656910   0.26560025   0.48274968   0.42502765   0.41131888   0.26332734   0.38403453   0.34645331   0.14392379   0.23820888   0.13665064   0.31672753   0.26147937   0.25103427   0.03972531   0.02039659   0.32943407   0.36482487   0.07720165   0.36210805   0.32351106   0.31722220   0.18338341   0.04748632  -0.01455949   0.00916459   0.08519940   0.07759568
 0.19561184   0.22366352   0.33130729   0.18296053   0.20039475   0.20707454   0.17037127   0.25485097   0.15634888   0.25481505   0.25307820   0.37521162   0.19188627   0.31658858   0.26109331   0.20194306   0.27444666   0.30674988   0.48751857   0.32307863   0.02866205   0.08606965   0.13492436   0.08830380   0.05079310   0.10632670   0.19906596   0.24603915   0.25872536   0.20514065   0.35704659   0.20866078   0.42493877   0.37610682   0.22350384   0.23801580   0.20572549   0.42640782   0.26378056   0.02326667   0.08439489  -0.00934648   0.15037277   0.33048959   0.19814772   0.36528769   0.10176331   0.42910366  -0.02826090   0.16586585   0.24899316   0.11528004   0.08683778   0.20890727   0.19907959   0.01815764   0.12117300   0.28352024   0.24133162   0.02375577   0.36586831   0.26548065   0.28629466   0.14706522   0.36001409   0.03234213   0.39936767   0.46277678   0.56964951   0.35261665   0.35320515   0.36994999   0.43926127   0.13791343   0.47823055   0.53258429   0.48596323   0.33101867   0.49538910   0.13792202   0.47001673   0.26286555   0.18312055   0.31854989   0.11041015   0.40579118   0.40515269   0.70005126   0.79170506   0.35901077   0.00000000   0.33718131   0.32295170   0.40187972   0.40409706   0.46651410   0.37678372   0.09519003   0.09130125   0.58631363   0.21144400   0.23148462   0.37202513   0.23072459   0.23062958   0.31766986   0.25992178   0.20947603   0.26362605   0.21859481   0.27660900   0.34505846   0.36944402   0.23738685   0.17836409   0.35682680   0.27075665   0.43224761   0.36766334   0.36206614   0.44628144   0.44262225   0.40412847   0.11358097   0.07075288   0.08837067   0.04064287   0.09753929   0.21259569   0.24612344   0.33868756   0.39566285   0.22811961   0.40556475   0.20623005   0.44145975   0.16782542   0.27308082   0.40432319   0.32397327   0.23457073   0.02108967   0.24584905   0.06865407   0.09171712   0.04422643   0.18418786   0.20312482   0.19051049   0.42870968   0.14533893   0.18141944   0.26596437   0.07087233  -0.10581381   0.22001877   0.03309589   0.14230636   0.21007804   0.46784108   0.22356589   0.23552168   0.07148484   0.10291558   0.42116892   0.21667576   0.37314013   0.19822774   0.21683410   0.10206812   0.34576911   0.35630476   0.41481973   0.25572018   0.53223433   0.53025497   0.38778973   0.33580207   0.71493763   0.54470667   0.33736332   0.49471532   0.25355648   0.42450281   0.53571263   0.43955597   0.06835535   0.11433359   0.57652158   0.40428653   0.25816669   0.75095331   0.40721662   0.50892373   0.33562874   0.09211636   0.16921266   0.15355131   0.20134308   0.21700482
 0.18501648  -0.08110615   0.13239367  -0.03271897  -0.02595000   0.02674104   0.17829689   0.22837492   0.12640256   0.21508623   0.24214841   0.20462684   0.22078700   0.22368486   0.22330084   0.19846041   0.12922179   0.12748434   0.22367996   0.17624470   0.26997453   0.28868959   0.29506762   0.31245336   0.28644792   0.27641931   0.30700041   0.26180547   0.18615185   0.08528011   0.14261967  -0.07129108  -0.03813986   0.00559729   0.23183048   0.12989092   0.15043526   0.03388304   0.13688219   0.18890027   0.31919932   0.18027298   0.33870323   0.21548903   0.22362579   0.24769684   0.05904834   0.11146900   0.18820246   0.21604932   0.18248685   0.12493779   0.11034795   0.09345456   0.18448369   0.19426677   0.09252762  -0.09502992  -0.00198775  -0.10709889   0.07965799   0.05069401   0.17506476   0.13710780   0.08369163   0.02273177   0.04126448   0.08323778   0.10509588   0.08740179   0.05907407   0.00959216  -0.04670154   0.01905741   0.03841609  -0.02817919   0.13259402   0.12565088  -0.02443992   0.05278255   0.07571376   0.18522667   0.29256353   0.13354878   0.29921566   0.35367907   0.31863843   0.35811742   0.29526000   0.17723123   0.33718131   0.00000000   0.11465334   0.34858699   0.45447685  -0.06767581   0.15655921   0.08445463   0.24155693   0.21432785   0.22788079   0.11479018   0.00888172  -0.07658817   0.06062734   0.07524800   0.17759796   0.17086036   0.12506503   0.21256265   0.19342360   0.10672090   0.24539174   0.23430226   0.22149266   0.23734192   0.13218464   0.20195228   0.18701611   0.11303157   0.12871332   0.14989599   0.14609374   0.26669273   0.23008108   0.20956758   0.24487873   0.22560815   0.30651127   0.27725507   0.16302240   0.22290730  -0.06730543  -0.08811550  -0.02783378  -0.00583898   0.19314478   0.21011096  -0.04774345   0.03645769   0.06521574   0.17981002   0.17631364   0.15233442   0.24349443   0.25553082   0.20319931   0.17369134   0.16188470   0.23615103   0.08279481   0.03881210   0.02363607   0.21422933   0.06082884   0.14983959  -0.00358510   0.23408959   0.06007704   0.17764580   0.20270429   0.12217730   0.07989398   0.15186730  -0.05815084   0.00172141  -0.04240287   0.10325864   0.21695521   0.07116959   0.11590183  -0.06552477   0.10493316  -0.02068124   0.19701502   0.11448355   0.07650572   0.02562233   0.34906727   0.05790911  -0.04732902  -0.03137283   0.05449439   0.20651873  -0.00860642   0.02710711   0.06088807   0.08376519   0.22432786   0.21505637   0.25666496   0.24776588   0.39823858   0.04898074   0.12474939   0.09080274   0.19623435   0.09104646   0.08976667   0.24119303
 0.20688508   0.19671078   0.33809001   0.17360482   0.23752095   0.19396312   0.17694706   0.22911211   0.12954207   0.24969533   0.16289295   0.28463903   0.17109367   0.22412236   0.15076106   0.12086069   0.23075505   0.22634022   0.32332651   0.23476767   0.05461891   0.13544757   0.14138905   0.09927262   0.07821297   0.09438981   0.14544863   0.17342448   0.35559073   0.20257630   0.29377974   0.28422045   0.38309621   0.38209299   0.22824420   0.18602198   0.13041271   0.30952961   0.23620635   0.23260008   0.17154661   0.04107631   0.18755974   0.23896826   0.20682914   0.21569491   0.29083634   0.30297475   0.05920215   0.14279128   0.34377077   0.11541404   0.10509403   0.12826547   0.18737357   0.07784852   0.19015369   0.31140989   0.41548124   0.14154560   0.25603982   0.57916356   0.44913778   0.35000521   0.40900360   0.07746194   0.51371861   0.33983019   0.47246222   0.49529429   0.19852092   0.28928778   0.27210292   0.12526462   0.27595771   0.39424357   0.21219309   0.23125135   0.27160826   0.12634558   0.27737342   0.08516885   0.07790957   0.15660634   0.06084407   0.15317607  -0.04758172   0.22801649   0.36187221   0.25524850   0.32295170   0.11465334   0.00000000   0.15057262   0.15071604   0.25265437   0.28790758   0.12856789   0.06440396   0.20495703   0.16089120   0.16977391   0.31039155   0.20542116   0.20830946   0.25262519   0.16868415   0.16827555   0.29595135   0.18261356   0.17394273   0.23690030   0.25455082   0.16942255   0.14493957   0.24321543   0.20024783   0.31058001   0.28382500   0.28260326   0.30704413   0.25153032   0.28464164   0.10721688   0.09847236   0.07408883   0.06905107   0.08675007   0.17120309   0.18187724   0.30625833   0.25590322   0.23039752   0.25112740   0.21165589   0.31018536   0.19320111   0.19540989   0.21843583   0.25332587   0.20979376   0.16191486   0.24143464   0.10802567   0.12572842   0.08990016   0.14933585   0.12519385   0.16774166   0.30944788   0.14654443   0.40343932   0.20013099   0.00495858  -0.04891677   0.17532021   0.01236755   0.14259503   0.14206562   0.12279183   0.16394942   0.09921132   0.06869367   0.14640712   0.35226697   0.29899428   0.30952239   0.27744817   0.25112801   0.10081998   0.13657032   0.40961955   0.11875159   0.21117343   0.37703899   0.35181658   0.43966961   0.16635828   0.28078702   0.28955322   0.25429241   0.27304408   0.14787701   0.11896173   0.30072297   0.24451398   0.02796554   0.09643880   0.26326632   0.19957628   0.13682965   0.29295427   0.13316986   0.25296842   0.25193183   0.07169627   0.10089465   0.10226182   0.22250586   0.11087045
 0.09192929   0.05290071   0.10809155   0.01508573  -0.03962773   0.02112092   0.07774852   0.11779373   0.02728379   0.08569330   0.08981129   0.10968643   0.09108258   0.08545194   0.12069260   0.12544302   0.05351648   0.03828878   0.14284161   0.08383002   0.03890169   0.02900460   0.12968933   0.06605686   0.09955971   0.11512577   0.14256889   0.09422721   0.13798619   0.03697135   0.07924033  -0.02611539   0.04821780   0.03160719   0.09331042   0.04165585   0.00450826  -0.01446588  -0.01186779  -0.02537967   0.05327460   0.01724154   0.15001275   0.08248211   0.00455659   0.08305865   0.04521212  -0.01722374  -0.06339928   0.01681601   0.17695021   0.10813335   0.00225247   0.15294965   0.15644502   0.05791170  -0.07581690   0.07612642  -0.02868495  -0.10595369  -0.12585752   0.14980418   0.31855973   0.05597858   0.10990826   0.04958714   0.17249284   0.27818695   0.35344900   0.48454214   0.07346640  -0.06601164  -0.04666814  -0.07346343   0.22483663   0.06025787   0.17986968   0.11503955   0.06374275   0.06499880   0.13391249   0.09116335   0.19414623   0.32276800   0.20159359   0.40257689   0.52701459   0.39723841   0.37216089   0.41518043   0.40187972   0.34858699   0.15057262   0.00000000   0.53243584   0.05391507   0.06760551   0.05228661   0.10660867   0.36935162   0.07414343   0.04187517   0.08826676   0.02738139   0.01848082   0.07038248   0.08975003   0.04640566   0.05522355   0.06810713   0.03419321   0.05542759   0.13937435   0.08567925   0.07133413   0.15873512   0.03516853   0.11954907   0.11014742   0.05431260   0.04566274   0.11161053   0.09482998   0.05427241   0.01108693   0.05435687   0.07050583   0.00540456   0.09362520   0.13198003   0.06182947   0.17252481  -0.02691922  -0.00591636  -0.00388844   0.07831235   0.02500488   0.07080378  -0.05660777  -0.02098925  -0.02459155  -0.06425576   0.08260824   0.02173105   0.01261160  -0.05907216  -0.02606345   0.07563537  -0.03990228   0.05446119   0.03389427   0.11619908  -0.11053566   0.02418610  -0.09170124  -0.01492390   0.02366878   0.11251485   0.14332875   0.14220366   0.11228013   0.18246647   0.03486261   0.05927785   0.07771436  -0.01655946  -0.05875523   0.11634625   0.16319863   0.03779440   0.19289289   0.05016062   0.26610505   0.09960416   0.40929140   0.30110786   0.28437692   0.08243967   0.36973244   0.19792791  -0.06542636   0.03387967  -0.04123820   0.30159025   0.04916933   0.05740414   0.00077382  -0.00167570   0.32951035   0.35961695   0.13451137   0.35409394   0.50863898   0.21087134   0.05198328   0.02869495   0.03299217   0.02699712  -0.00817782   0.10354226
 0.15212995   0.01662882   0.16829572   0.03744302  -0.01308887   0.06538145   0.09623890   0.17425497   0.06363195   0.14865917   0.16420868   0.17640436   0.14419048   0.15368261   0.16702670   0.15247313   0.11278717   0.07653440   0.16739839   0.13551679   0.10757594   0.11575706   0.18106681   0.13203001   0.19467298   0.16398390   0.19159166   0.17526179   0.14284359   0.08473699   0.12022898  -0.04132652  -0.01371820   0.04050865   0.12230694   0.10319311   0.07174638   0.02299643   0.06009416   0.04417780   0.15010632   0.07191373   0.29293788   0.16220949   0.10165088   0.16014526   0.14678066   0.07589872   0.06455470   0.14677356   0.16856499   0.10467064   0.06652263   0.10304459   0.16763653   0.10151995   0.00386049   0.04377088   0.03741087  -0.04597685   0.02093393   0.14255178   0.32995615   0.12140017   0.12464951  -0.01571490   0.11183110   0.21762060   0.25488069   0.26347135   0.10894421   0.00918651  -0.03821173   0.02026175   0.08753383   0.00246850   0.13167192   0.13780468   0.03663188   0.02502268   0.09473841   0.15943444   0.16385248   0.18338048   0.24192989   0.43111898   0.37315985   0.37099606   0.30347549   0.32698958   0.40409706   0.45447685   0.15071604   0.53243584   0.00000000  -0.02074519   0.09577930   0.05925214   0.18474176   0.27306033   0.14922802   0.12700422   0.10842767   0.02238988   0.07760656   0.12172077   0.15699708   0.11240331   0.11563596   0.15559243   0.12553929   0.10941373   0.21137579   0.13703972   0.13735478   0.20531041   0.08407044   0.17432180   0.17250020   0.09644471   0.11805162   0.15364067   0.13752637   0.13535031   0.07607775   0.12672656   0.12321293   0.06905537   0.15949510   0.17451119   0.10669802   0.16418580  -0.04842582  -0.03624028   0.01249464   0.06207627   0.07263510   0.14580475  -0.02457201   0.03551400   0.01843552   0.02385472   0.12752696   0.07436077   0.07979778   0.04858604   0.09845991   0.12637402   0.07386834   0.16327556   0.12283730   0.09964949   0.03722897   0.11842576  -0.01332393   0.10122516   0.02241559   0.13176220   0.05192871   0.14271997   0.15843881   0.11751483   0.02906472   0.11574941   0.02400864   0.05244126  -0.01924705   0.16181659   0.18029757   0.06700235   0.12338801   0.02477910   0.18513131   0.09316093   0.28622659   0.20499581   0.15645140   0.06390583   0.36358072   0.10462462  -0.00460370   0.02109595   0.07544779   0.25403986   0.00651747   0.06383899   0.02796071   0.04074913   0.22949835   0.26364040   0.16317487   0.28698464   0.48459162   0.08596893   0.07557623   0.04285792   0.07607223   0.05702023   0.06987429   0.17308838
-0.06681260   0.32045148   0.27173669   0.17079210   0.31567709   0.12951158   0.04041869  -0.03710770   0.07868187   0.08233049   0.01829436   0.16828333  -0.03777325  -0.01405482  -0.02951838  -0.04505959   0.09570954   0.14353181   0.21300519   0.09794873  -0.25592415  -0.18667053  -0.16994432  -0.22415388  -0.27121334  -0.21100446  -0.12672131  -0.11584218   0.10907914   0.07684130   0.33789397   0.32049083   0.63468734   0.41976513  -0.06443558   0.02165650   0.02756473   0.44683469   0.11006070  -0.10241838  -0.16324351  -0.16334288  -0.13841970   0.17329752  -0.01835255   0.05503846   0.06395648   0.42590046  -0.09804659   0.05789820   0.24150096   0.07463700   0.04574543   0.19196180   0.08066032  -0.13919212  -0.01945168   0.44378615   0.23659491   0.17976634   0.39159587   0.22227913   0.08699051   0.01629350   0.22260864   0.03695513   0.49402039   0.50881352   0.47778676   0.19877918   0.34033691   0.68152730   0.72710446   0.22135619   0.72003069   0.77283122   0.60788185   0.36718214   0.78716718   0.22664391   0.64768684   0.20827521  -0.04640198   0.28617483  -0.11205392   0.05573597   0.15976078   0.44136487   0.54232832   0.25363856   0.46651410  -0.06767581   0.25265437   0.05391507  -0.02074519   0.00000000   0.44535141   0.14481227  -0.18091314   0.65033141  -0.06958955   0.02919897   0.45546630   0.31075025   0.20042690   0.22912235   0.04192021   0.05303364   0.19412430  -0.00365003   0.06074375   0.26317612   0.01822421  -0.09487519  -0.10134914   0.06414881   0.03880019   0.19444536   0.12027552   0.25162044   0.30628200   0.24982385   0.22208316  -0.16915484  -0.15748010  -0.14506828  -0.22214610  -0.11170839  -0.09465769  -0.05768675   0.18187897   0.27838235   0.40533921   0.68708396   0.20781569   0.46689925  -0.06521417   0.07335525   0.62111032   0.30481409   0.14056854  -0.12175860  -0.00314593  -0.04520431  -0.12483647  -0.17033865  -0.00114120   0.03958084   0.12055401   0.14127869   0.02421712   0.09049844   0.19541425  -0.01346574  -0.09474448   0.14740036   0.02289204   0.03346321   0.28722536   0.43826317   0.04244911   0.12697827   0.04298186  -0.06069499   0.62516167   0.18054506   0.56649343   0.01357896   0.03823351   0.06176994   0.34562684   0.50901132   0.40377583   0.23609064   0.38400671   0.49093354   0.35790175   0.30048178   0.36218136   0.66626827   0.56520030   0.78797813   0.29906449   0.38869392   0.76381679   0.73202974   0.13534694   0.07726430   0.50151526   0.32678962   0.06781730   0.49153595   0.05540101   0.80271734   0.42451011   0.09784822   0.00378694   0.05898115   0.10615015   0.04132263
 0.19764241   0.04089646   0.34334496   0.00913981   0.17895348   0.03802717   0.29012288   0.30829548   0.30990974   0.40197049   0.38993617   0.27324607   0.25756812   0.37282045   0.33708573   0.26921921   0.27528732   0.33824707   0.41077864   0.30799198   0.12890125   0.24659366   0.22442774   0.20520951  -0.00145590   0.16192225   0.28115292   0.32541999   0.33732337   0.16676614   0.43202973   0.05534923   0.31295094   0.21987504   0.25983084   0.20939070   0.16344340   0.25893398   0.30899555   0.18255089   0.15094827   0.04734287   0.08992576   0.32185800   0.27594382   0.29361003   0.03759006   0.25786973   0.06727391   0.15337887   0.38628444   0.07605113   0.06951624   0.12551896   0.19267842   0.09687474   0.18574444   0.08680885   0.15995095  -0.03332296   0.31496363   0.25591429   0.24419229   0.16950389   0.33179880   0.09933555   0.37131486   0.24632162   0.30965276   0.16957259   0.03986552   0.47578419   0.26806323   0.12684933   0.38775492   0.44554467   0.55902136   0.25019593   0.30917365   0.24851787   0.43672377   0.24975330   0.11659252   0.19063217   0.09154094   0.22360707   0.05331558   0.40920336   0.39615475   0.20735846   0.37678372   0.15655921   0.28790758   0.06760551   0.09577930   0.44535141   0.00000000   0.29024123   0.13291550   0.50200801   0.26880374   0.19374467   0.28928354   0.08881845   0.20288045   0.19702888   0.29405073   0.35272096   0.33629476   0.34677948   0.37476050   0.28606034   0.34256630   0.32420713   0.28572280   0.37286402   0.22908733   0.43432343   0.37753497   0.36117231   0.36263703   0.34264450   0.34311923   0.27114203   0.25344759   0.18256258   0.18244081   0.25826614   0.31074580   0.33988282   0.33809079   0.50417108   0.15363878   0.25697334   0.06855582   0.20509673   0.24162524   0.29055398   0.22530824   0.23066094   0.27594447   0.15594529   0.25591147   0.13872162   0.24942167   0.15546198   0.27838188   0.19015598   0.24491674   0.38930827  -0.05988681   0.14029641   0.06589923   0.08555495  -0.03747395   0.19728918  -0.05378605   0.21762899   0.29483003   0.32825708   0.19071759   0.12168202   0.13823398   0.21587788   0.26367893   0.10161578   0.35441716   0.07886590   0.34709476   0.08802924   0.32045348   0.27558224   0.14569807   0.05169782   0.37911182   0.32637821   0.35752072   0.10573957   0.32097117   0.40597195   0.28723031   0.37371508   0.19028208   0.30181389   0.43766450   0.49140661   0.09716422   0.11990300   0.46090219   0.38029239   0.27755633   0.34338685   0.17700086   0.52007083   0.72438427   0.30672730   0.25136648   0.18468139   0.28622238   0.21876908
 0.07199762  -0.03077326   0.09507777  -0.03679184   0.07868641  -0.00439163   0.18934508   0.13483629   0.14224140   0.14628914   0.13092360   0.05970006   0.07880997   0.11604406   0.10885413   0.11317240   0.06677114   0.07524778   0.12149545   0.08932886   0.07385911   0.11190878   0.09898897   0.08028671   0.00649526   0.08416330   0.12500616   0.11288063   0.20468484   0.05254630   0.14883473   0.02682207   0.10447952   0.10102756   0.12465592   0.05109597   0.03752377   0.05038726   0.09092629   0.10469367   0.07175236   0.01795217   0.04650909   0.08917408   0.09320398   0.09000480   0.05383303   0.06678557   0.03701393   0.08444695   0.16681409   0.02505934   0.03378917   0.04347257   0.09003311   0.05808067   0.06959010   0.01744250   0.10235890   0.05445863   0.08115275   0.13073303   0.12066508   0.11928568   0.11585178   0.03589658   0.12919007   0.11683608   0.11336147   0.08354910  -0.01100159   0.17172016   0.07720166   0.04751210   0.12366081   0.13967988   0.17994359   0.07022184   0.08536329   0.12543153   0.12314219   0.09957418   0.04880722   0.08249292   0.10359239   0.09108722  -0.00421418   0.11564141   0.09549135   0.10054053   0.09519003   0.08445463   0.12856789   0.05228661   0.05925214   0.14481227   0.29024123   0.00000000   0.07016849   0.16011939   0.12477729   0.06080208   0.06174029  -0.01391047   0.07732686   0.03349086   0.09414257   0.13262049   0.09993460   0.11756792   0.12108591   0.06979592   0.09227837   0.07707351   0.09023995   0.10573848   0.08724902   0.10572795   0.10132674   0.08977353   0.08887086   0.07736088   0.07665140   0.10023355   0.10927953   0.06586995   0.09765592   0.09667237   0.09388866   0.12188692   0.13231267   0.17810706   0.05665713   0.06849454   0.04136265   0.03555826   0.12379676   0.07445655   0.05226241   0.04171638   0.06658218   0.07201699   0.11035150   0.04684663   0.09984827   0.04685329   0.10002985   0.06183309   0.08252570   0.09894147  -0.01642149   0.08069642  -0.02005007   0.02374923   0.00809632   0.03884073  -0.01432038   0.11327487   0.12166254   0.08417104   0.08488973   0.04866704   0.07966099   0.11877018   0.06537680   0.07586082   0.13302820   0.05702315   0.16114646   0.03086577   0.10087081   0.09077889   0.03544905   0.03030850   0.14900221   0.10788238   0.16238660   0.01021700   0.08949802   0.13544814   0.07384330   0.10788412   0.03247777   0.13998445   0.11486690   0.17443055   0.07678735   0.01471294   0.14183282   0.13767842   0.13153312   0.07769973   0.08714871   0.18392167   0.29638115   0.20269079   0.11160774   0.07005555   0.09359132   0.10568982
 0.22282998  -0.14693834   0.07015223  -0.01677717  -0.07445046   0.02967324   0.20403546   0.28586813   0.17307064   0.23261680   0.36961147   0.20137538   0.24975996   0.36244569   0.35945455   0.32228654   0.14470577   0.16839304   0.26128826   0.21557259   0.40664494   0.50110161   0.37610004   0.40084904   0.39522378   0.40113812   0.41761242   0.39664135   0.21660182   0.08462571   0.13207322  -0.04791803  -0.06663353  -0.03556499   0.30547586   0.21252122   0.15760838  -0.02261928   0.11848760   0.20108598   0.26915903   0.13636303   0.18658715   0.13740466   0.21695054   0.21710286  -0.05464757  -0.06039513   0.12417377   0.08360102   0.09333686   0.02610081   0.07378859  -0.00953991   0.10649161   0.26593476   0.20884741  -0.13090697   0.05534582  -0.08672082  -0.02366612   0.03582216   0.26847756   0.10646737   0.13725057   0.05903532   0.02631280  -0.08128834  -0.02164091   0.04253633  -0.04587821  -0.09439888  -0.14456464  -0.05929431  -0.07769625  -0.07290688   0.04696462  -0.01506881  -0.13195522  -0.01141978  -0.04185615   0.03781432   0.25224683   0.07627462   0.37793323   0.46096278   0.04250089   0.10248687   0.05117051  -0.00753195   0.09130125   0.24155693   0.06440396   0.10660867   0.18474176  -0.18091314   0.13291550   0.07016849   0.00000000   0.08921361   0.29471296   0.15576137  -0.10866564  -0.11384870   0.03547649   0.05798553   0.21310676   0.17061826   0.07613802   0.25969578   0.29302269   0.10808467   0.35723068   0.35820704   0.28113618   0.33748533   0.19170218   0.23627158   0.25615800   0.10251563   0.11652609   0.18320976   0.17733682   0.40358700   0.46175452   0.26919585   0.34607136   0.28413940   0.37210479   0.39484247   0.15499681   0.28444265  -0.09457175  -0.14540340  -0.04159556  -0.05536254   0.26280500   0.23848274  -0.15869883   0.03604285   0.05526692   0.15516147   0.21445945   0.18074911   0.32463669   0.22295664   0.14866175   0.11018889   0.06755749   0.19488666  -0.05993857  -0.01595351  -0.03724349   0.05525338   0.07898588   0.02878958  -0.02638741   0.11167439   0.01963947  -0.01308306   0.15933547   0.01988296   0.07320517   0.21052371  -0.12958888   0.01036002  -0.06831952   0.06474614   0.28255146   0.04027178   0.08885734  -0.10093077  -0.08238896  -0.02677571   0.12100317   0.00284323   0.01001284  -0.05548722   0.09079617  -0.03271339  -0.09476313  -0.10450540  -0.07701998  -0.00687034  -0.08027355  -0.10926893   0.00942444   0.00341278   0.05339503   0.10534178   0.29910947   0.01186582   0.15728347  -0.08178955   0.12385222   0.14365000   0.39687693   0.25281233   0.17741457   0.17445949
 0.07973385   0.16318832   0.32858337   0.04888081   0.13810990   0.03419367   0.14435753   0.16997091   0.14425469   0.23839786   0.21771884   0.21383573   0.12282904   0.17791252   0.18598082   0.14742571   0.16434303   0.21810200   0.30745197   0.19917995  -0.04994726   0.03133918   0.07318025   0.00602682  -0.05261331   0.02460501   0.11206184   0.11014073   0.23338717   0.11132735   0.40503329   0.08473376   0.35463152   0.22619768   0.09491913   0.11603508   0.06915814   0.25353248   0.15950162  -0.00511600   0.01853707  -0.06129482   0.02231961   0.25527133   0.11104513   0.15428704   0.01240056   0.28066191  -0.07115267   0.11489394   0.29783197   0.12860792   0.06496604   0.23201838   0.18938309   0.00273660   0.05433327   0.24274918   0.08118637  -0.00071625   0.22305019   0.11970267   0.17751651  -0.00624374   0.24427632   0.06790901   0.43875338   0.46340186   0.48447526   0.23236574   0.22697634   0.48317750   0.36450046   0.17775069   0.69446427   0.55427882   0.69066698   0.39576673   0.54210708   0.23428807   0.60837405   0.28856407   0.16650642   0.43532206   0.12810715   0.40206608   0.56387297   0.65634418   0.63377506   0.35002714   0.58631363   0.21432785   0.20495703   0.36935162   0.27306033   0.65033141   0.50200801   0.16011939   0.08921361   0.00000000   0.10603336   0.08735345   0.36271835   0.15823506   0.14265359   0.17916807   0.19439143   0.17297978   0.24982053   0.16543425   0.16912921   0.21726430   0.20392515   0.10353335   0.10414795   0.23989107   0.12080166   0.30669867   0.23819159   0.26053364   0.26450387   0.28867891   0.24451723   0.04777037   0.05915762   0.04053677  -0.00419830   0.05525679   0.13063129   0.15929290   0.24255247   0.50208979   0.17156388   0.35909604   0.07750260   0.30678603   0.06632505   0.19494110   0.31041754   0.20140041   0.14874406  -0.02161304   0.12238641   0.06630250   0.03404982  -0.02193189   0.09505798   0.15053518   0.16228418   0.22085695   0.03100230   0.05551931   0.05347869   0.06441597  -0.09453490   0.15204072   0.02638914   0.14634168   0.33952571   0.52366549   0.18731976   0.22965888   0.09902474   0.07087159   0.42799522   0.08279699   0.33837900   0.05398666   0.20062464   0.10774384   0.49459665   0.33497832   0.47617666   0.17201287   0.51376023   0.50751353   0.37178328   0.23221713   0.49748749   0.60175937   0.31527914   0.53714854   0.26250489   0.55496623   0.60431001   0.63772166   0.11045254   0.10560047   0.63116543   0.57130225   0.24302824   0.60303074   0.33663752   0.73859232   0.44542850   0.13512929   0.13968837   0.12703951   0.20667404   0.20563254
 0.65518106   0.02752753   0.38851117   0.24547705   0.33048017   0.43855521   0.42719719   0.58182662   0.29600050   0.48215314   0.54813225   0.61519750   0.34163604   0.53972914   0.43520834   0.28650659   0.38291879   0.37653207   0.45595412   0.39363388   0.34507512   0.47938373   0.37487090   0.46167566   0.33931354   0.32993264   0.42182815   0.52912107   0.41576645   0.44597690   0.48651218   0.15858271   0.20333318   0.25268516   0.47056075   0.32602069   0.27915525   0.29444536   0.43541396   0.38659598   0.34576332   0.19383398   0.29101902   0.42639697   0.36956880   0.41630671   0.14267710   0.17783361   0.15476102   0.14765250   0.13317881   0.03072843   0.07940951   0.05265727   0.16701504   0.21732352   0.47942767  -0.08800871   0.19340441  -0.05493067   0.27864972   0.16540005   0.13987907   0.23948578   0.31257558   0.03895919   0.16345932   0.02326985   0.13016037   0.10793530   0.02686403   0.18124861   0.08943653   0.05231115  -0.10255937  -0.00837534   0.06442867   0.05904746  -0.02041036  -0.02450452  -0.01433646   0.10005119   0.21080588  -0.00399734   0.17435605   0.28739942   0.01751687   0.09830987   0.18654970   0.05781169   0.21144400   0.22788079   0.16089120   0.07414343   0.14922802  -0.06958955   0.26880374   0.12477729   0.29471296   0.10603336   0.00000000   0.53703387   0.20948011   0.10203232   0.46753185   0.46595916   0.51318854   0.43320985   0.38795033   0.52332185   0.59785949   0.51194287   0.50184630   0.54216636   0.39918864   0.45704205   0.43937233   0.46023686   0.48743042   0.31449285   0.43030747   0.33926998   0.40661276   0.40755428   0.48195092   0.26641486   0.30597324   0.39164375   0.50612606   0.43585945   0.55228764   0.45700990   0.17692681   0.08623757   0.20402465   0.22697483   0.44236912   0.37288538   0.10022095   0.32079922   0.38360235   0.45502880   0.39524704   0.19953541   0.40578267   0.39676933   0.36171280   0.24681499   0.32322868   0.52947795   0.13638057   0.21648549   0.20199261   0.07004695   0.05620190   0.10848646  -0.01629824   0.18507158   0.02039981   0.13293275   0.25166211   0.13099161   0.12399665   0.36804083  -0.01791391   0.22584789   0.13782155   0.23564229   0.32077486   0.05134508   0.06865181   0.10334677   0.01663870   0.02116944   0.26410160   0.17522463   0.18800024   0.14609949   0.31855790   0.06359598   0.24129197   0.06551252   0.08545873   0.17677072   0.06572563   0.02693951  -0.00099472   0.06024038   0.14196263   0.29376158   0.31533723   0.22011289   0.19525053  -0.01173248   0.31674920   0.23552800   0.36124691   0.25067400   0.40231928   0.33938998
 0.58436284   0.40053293   0.40960853   0.65270395   0.54344821   0.74005025   0.26339467   0.43187610   0.17351190   0.38639961   0.44191753   0.70423722   0.23040644   0.48156096   0.34060327   0.21677693   0.48383043   0.40917786   0.43726909   0.44397287   0.17834675   0.27314772   0.17820337   0.24008326   0.21937925   0.12380878   0.22260925   0.40334133   0.34102526   0.71697636   0.58846669   0.41373514   0.39653376   0.39029387   0.30550925   0.31592829   0.31155810   0.49271216   0.41936281   0.18114613   0.15934848   0.07834517   0.13223700   0.40136238   0.27648649   0.35122371   0.06300156   0.21489040   0.07378849   0.11632859   0.10698484   0.06657128   0.10436733   0.09122898   0.14437063   0.15156186   0.59414915   0.04640830   0.20065269   0.02559880   0.31396017   0.07873522   0.04008048   0.09185339   0.28700837  -0.02225843   0.19917386   0.00597454   0.11920691   0.05680594   0.13441167   0.23461576   0.25272572   0.11752530  -0.07253859   0.05728068   0.07617914   0.08196714   0.12313780  -0.02564950   0.05746160   0.09686599   0.13302717  -0.00162565   0.08925762   0.20074691  -0.02073032   0.10376359   0.18240713   0.03796000   0.23148462   0.11479018   0.16977391   0.04187517   0.12700422   0.02919897   0.19374467   0.06080208   0.15576137   0.08735345   0.53703387   0.00000000   0.43806739   0.55144832   0.76528310   0.73564643   0.45847649   0.32604317   0.42343707   0.41075039   0.54334796   0.70481810   0.47995387   0.44182069   0.25744562   0.41369526   0.53757173   0.52728698   0.57102721   0.39834185   0.57154626   0.44290523   0.50505850   0.20214119   0.32870717   0.12067710   0.12642990   0.19242364   0.34468060   0.26105132   0.65412733   0.46518735   0.47313367   0.30032596   0.40621340   0.48446474   0.30171796   0.32691608   0.26973781   0.52064226   0.46401863   0.31711701   0.33510827   0.10297104   0.23994620   0.22535186   0.24622862   0.16602339   0.27680714   0.53427440   0.16351434   0.23127567   0.31297661   0.04949982  -0.00851074   0.10743971   0.04424476   0.09099887   0.01701288   0.16583219   0.17055841   0.16138012   0.04205564   0.25996692   0.07993159   0.23604348   0.17488417   0.19348677   0.18512702   0.01902342   0.03338265   0.24155420   0.05312485   0.08194654   0.15404095   0.16637909   0.17729655   0.22313606   0.29010096   0.09848246   0.42971831   0.21226580   0.16969507   0.10234420   0.16181210   0.12115043   0.00689209   0.06060236   0.16594533   0.24203685   0.22915377   0.26058797   0.09324401  -0.02657578   0.23684113   0.10385235   0.26290304   0.31572438   0.48348862   0.20643905
 0.32696636   0.57127286   0.61122718   0.58086535   0.51221302   0.57325987   0.10263264   0.22724629   0.07408141   0.31654479   0.11045362   0.50766106   0.03934738   0.10881875   0.01407218  -0.03708703   0.34222676   0.27002486   0.28902413   0.25618605  -0.11647528  -0.03062191  -0.08504518  -0.07374370  -0.03200291  -0.15969521  -0.09880270   0.02670627   0.24535811   0.46002481   0.47940989   0.42947578   0.55072214   0.49707584   0.04333506   0.15451920   0.15989997   0.59321828   0.32949869   0.05339205   0.02402813  -0.07009263   0.05548348   0.34208999   0.14042874   0.20431662   0.21671802   0.40750859  -0.02526812   0.13163453   0.18433336   0.12086804   0.08451864   0.16025191   0.12548642  -0.02333080   0.28244013   0.43031247   0.32510042   0.19334620   0.41174881   0.29498466   0.08689778   0.10597857   0.31757514   0.02892461   0.47541162   0.36605382   0.41512794   0.23102904   0.33512550   0.52602130   0.53624896   0.29784794   0.33980403   0.43523059   0.29611664   0.31456872   0.53657120   0.07654356   0.36796669   0.18074458   0.00588540   0.16791651  -0.06615293   0.12098175   0.11751557   0.23836371   0.40808892   0.26550291   0.37202513   0.00888172   0.31039155   0.08826676   0.10842767   0.45546630   0.28928354   0.06174029  -0.10866564   0.36271835   0.20948011   0.43806739   0.00000000   0.63156994   0.54308788   0.66427252   0.26329654   0.20920758   0.52031591   0.19454677   0.24246282   0.55622262   0.15076619   0.08212801   0.01324006   0.14446489   0.27158111   0.36807472   0.33553246   0.35731830   0.48923441   0.32733621   0.38352239  -0.05996716  -0.02333751  -0.10575274  -0.16353573  -0.02654013   0.05365503  -0.02298647   0.42555338   0.27681621   0.48976663   0.55173399   0.41174984   0.60746326   0.00864556   0.15148095   0.52733172   0.51460805   0.36859093   0.12880862   0.16849680   0.00549261  -0.01419297   0.04230924   0.14906915   0.10447818   0.25634343   0.40783031   0.28935455   0.34115143   0.44890348   0.03709877  -0.04982743   0.20647322   0.09596916   0.05589098   0.11558709   0.32467251   0.11753355   0.18002462   0.02766524   0.04587927   0.48812206   0.34090428   0.41996914   0.20569342   0.06506698   0.04594817   0.18823081   0.51663253   0.35833974   0.30782891   0.36693217   0.45755858   0.38785921   0.41371129   0.42391672   0.40846000   0.62590461   0.55685147   0.37289182   0.31316534   0.50071196   0.48264865   0.05672522   0.10010031   0.33899672   0.33398762   0.11877630   0.46814076   0.10819515   0.36022561   0.28349535   0.00954171   0.01044641   0.14068879   0.33385091   0.11988598
 0.21039771   0.83534242   0.37703646   0.77687358   0.51968021   0.63449744  -0.00061799   0.04850357  -0.02062149   0.14171683   0.00694982   0.42024517  -0.04046459   0.04823735  -0.05944746  -0.07159134   0.26590042   0.19984386   0.21367000   0.19343927  -0.13321907  -0.06753119  -0.15014113  -0.13351817  -0.00027019  -0.20252799  -0.16705551  -0.02907360   0.11915622   0.53926145   0.36916384   0.52471971   0.50696824   0.48004540  -0.03216652   0.09353440   0.11555913   0.58661472   0.20838971  -0.04083301  -0.05323633  -0.09861907  -0.03824675   0.26103616   0.03908624   0.09767602   0.13274299   0.33853202  -0.04862442   0.05908432   0.03934935   0.07940376   0.04160964   0.13529425   0.05169783  -0.04054272   0.30680817   0.38184558   0.27870521   0.20978458   0.30113888   0.17197028  -0.02956964  -0.00143305   0.20315096  -0.02406492   0.32419343   0.22098013   0.26406973   0.12950539   0.37099282   0.38967278   0.51398136   0.30635792   0.14797420   0.29022951   0.14341262   0.19970766   0.45767607   0.00293629   0.22467410   0.07719545  -0.04507373   0.04941812  -0.09701359   0.04365445   0.00518764   0.07398173   0.24704095   0.09450542   0.23072459  -0.07658817   0.20542116   0.02738139   0.02238988   0.31075025   0.08881845  -0.01391047  -0.11384870   0.15823506   0.10203232   0.55144832   0.63156994   0.00000000   0.60302004   0.64863678   0.12978098   0.05719480   0.33139933   0.07507515   0.14555502   0.49413289   0.07830774   0.03176611  -0.08462535   0.04927188   0.30653035   0.27082197   0.25190280   0.27167067   0.43535205   0.30046911   0.33155854  -0.14214547  -0.03367268  -0.17588739  -0.22933917  -0.14199520  -0.04428438  -0.10992549   0.41770680   0.12588860   0.58208842   0.55549620   0.49158651   0.67359925  -0.01571920   0.09090027   0.52570123   0.51142325   0.29507264   0.06777567   0.10777088  -0.05085212  -0.07638071  -0.04079730   0.02049713   0.00849906   0.15312349   0.29372801   0.26388600   0.30146484   0.45766338  -0.03597773  -0.07480207   0.10822878   0.12360787  -0.05361070   0.00325190   0.21793624   0.01816358   0.12436355  -0.03427524  -0.00640453   0.41493578   0.31099211   0.30608837   0.14563162  -0.02575917   0.01829775   0.04997675   0.44490336   0.27583902   0.27900164   0.20498853   0.32667313   0.25283880   0.41909867   0.29090595   0.25885145   0.60988146   0.46806968   0.35366186   0.15198610   0.39720440   0.35427538   0.00163247   0.05386076   0.16780107   0.18022391   0.05775459   0.33704481  -0.00696189   0.15419878   0.10027559  -0.04528898  -0.02454336   0.12581725   0.27884933   0.05871466
 0.53880466   0.45331504   0.46938061   0.67203202   0.66636031   0.78094760   0.24223508   0.35715000   0.15094041   0.35097724   0.32190062   0.67643945   0.15084233   0.32382885   0.16968447   0.06348546   0.44214535   0.35706857   0.33466290   0.35796544   0.02213775   0.14789394   0.05517713   0.10892248   0.15323878  -0.02213393   0.06663930   0.24879978   0.30955573   0.67811392   0.59316402   0.51900128   0.54194426   0.47216197   0.22129139   0.23623491   0.26828795   0.57315781   0.43162179   0.17622686   0.10191331   0.02882665   0.10533762   0.41988011   0.23449589   0.28646611   0.11852772   0.25958151   0.03728353   0.11904612   0.11636453   0.07848615   0.10374639   0.14726795   0.13573980   0.06300756   0.54201258   0.12274412   0.21673846   0.09787638   0.37542758   0.10784737   0.02076015   0.08795450   0.32110153  -0.02026138   0.26464727   0.06092485   0.17220824   0.05944697   0.17191134   0.36402470   0.40704041   0.16391289   0.00830985   0.13421354   0.12211426   0.13590591   0.25969546  -0.02626189   0.13991516   0.08746505   0.09124851  -0.01505237   0.00897853   0.13091280  -0.01576270   0.10479027   0.21353375   0.06394177   0.23062958   0.06062734   0.20830946   0.01848082   0.07760656   0.20042690   0.20288045   0.07732686   0.03547649   0.14265359   0.46753185   0.76528310   0.54308788   0.60302004   0.00000000   0.76887474   0.37881316   0.28979100   0.45539079   0.33859966   0.45067267   0.71727000   0.31756597   0.31623693   0.15053473   0.26536005   0.48852154   0.43309658   0.47744537   0.38494999   0.54586117   0.34780559   0.45304594   0.07478465   0.18808589   0.00052602  -0.02942161   0.10238795   0.21809590   0.11782005   0.62823003   0.39385883   0.60821494   0.45953018   0.48637437   0.56763316   0.21991531   0.27111640   0.41359275   0.58281498   0.48759551   0.31282933   0.31452470   0.05782536   0.15655747   0.17094580   0.22223646   0.14267195   0.29494711   0.49077738   0.17400979   0.24454578   0.33802418   0.02410936  -0.01499556   0.08647429   0.09108600   0.07930049   0.02605851   0.19349571   0.14344566   0.15731993   0.03513177   0.19674754   0.17517591   0.27792096   0.27138331   0.19783226   0.15090893   0.01436556   0.02840809   0.32314493   0.07320506   0.07034441   0.17597836   0.21204654   0.20770629   0.24978585   0.30698508   0.15221532   0.56860037   0.34977916   0.22107909   0.13352731   0.24548105   0.22542147   0.02017191   0.06073568   0.19996822   0.25429659   0.18942820   0.29420266   0.05461077   0.08987541   0.26088097   0.10028225   0.16282643   0.25585466   0.45237845   0.18474040
 0.54519062   0.52219989   0.53255738   0.77000492   0.62489005   0.86495364   0.21598569   0.41923868   0.15316601   0.39443216   0.36021270   0.83761223   0.16071006   0.33088835   0.19843324   0.07691197   0.50118901   0.39333194   0.42085846   0.41069882   0.03445588   0.14300250   0.05876822   0.14443377   0.15312481  -0.00301457   0.09125199   0.27886495   0.26502325   0.63291278   0.62795063   0.47553472   0.55523579   0.50597615   0.19959775   0.26704712   0.28624228   0.68968530   0.42450091   0.14049001   0.10514255   0.00113954   0.14841719   0.45418784   0.24295304   0.34715024   0.16272139   0.35712360   0.02979618   0.12216285   0.10093049   0.09498486   0.09740352   0.14961550   0.12525615   0.06601968   0.47788246   0.25417390   0.27306876   0.11915260   0.41506628   0.19128265   0.04430180   0.09106972   0.29667538  -0.00068002   0.33801019   0.17363203   0.25051449   0.16379468   0.25520040   0.40442765   0.48094656   0.21846586   0.06604360   0.21197351   0.13307743   0.17449191   0.37674725  -0.02129071   0.16673127   0.10159564   0.09223132   0.02534175   0.02544298   0.20669936   0.02604090   0.12964453   0.29505923   0.13936018   0.31766986   0.07524800   0.25262519   0.07038248   0.12172077   0.22912235   0.19702888   0.03349086   0.05798553   0.17916807   0.46595916   0.73564643   0.66427252   0.64863678   0.76887474   0.00000000   0.44857768   0.31958389   0.55335496   0.37468425   0.54526280   0.87784873   0.35946147   0.34317249   0.15195154   0.31424956   0.42622166   0.51238522   0.54165469   0.43788965   0.66469631   0.45219282   0.54514438   0.06455581   0.17943612   0.00380023  -0.04662973   0.12974353   0.24923203   0.14981279   0.56710876   0.38426390   0.52881927   0.51906454   0.45031696   0.64490026   0.15920222   0.27561847   0.49101010   0.66474948   0.47756225   0.28324100   0.22924561   0.04253927   0.13057863   0.18103887   0.23922559   0.15546320   0.31820479   0.58183728   0.27751884   0.30592070   0.46674172   0.02994117  -0.02294949   0.15260355   0.09896432   0.05258872   0.02289378   0.23775606   0.15211394   0.15451473   0.02555040   0.14232790   0.28284695   0.33360228   0.29690654   0.21216622   0.10038939   0.03997864   0.05026630   0.37654639   0.18990501   0.20314413   0.25779163   0.29547177   0.28147489   0.35724096   0.42332928   0.21908888   0.66808851   0.43512284   0.30077724   0.18197831   0.31668966   0.26670565   0.00588811   0.07829530   0.21658124   0.27226266   0.20229266   0.39063042   0.10402899   0.10979442   0.23819257   0.03493026   0.16570879   0.25828898   0.44408165   0.19113121
 0.52942251   0.05693601   0.38856239   0.22186592   0.26644807   0.35450796   0.29808249   0.52856497   0.24027146   0.46408833   0.52206165   0.57447358   0.31448924   0.47752949   0.41874172   0.26297175   0.40340398   0.39784160   0.42680477   0.39720077   0.24554359   0.36404821   0.30965025   0.35841290   0.22114903   0.24359992   0.32881597   0.47224341   0.28183578   0.35121330   0.47306135   0.08587460   0.18199976   0.20754491   0.32548127   0.30692424   0.27933830   0.27458772   0.38768303   0.24298270   0.24611212   0.13769659   0.21184158   0.39732054   0.31771341   0.38435621   0.12743470   0.22063166   0.12270176   0.15489126   0.13743264   0.04669122   0.05279321   0.06145367   0.14787939   0.19728129   0.34247539   0.01876557   0.16014388  -0.02952594   0.28033256   0.15787261   0.09808654   0.14239281   0.25705035   0.01907787   0.22638440   0.11339518   0.17323428   0.15415106   0.09998518   0.22105648   0.09515716   0.07113531   0.03742577   0.10928655   0.13675200   0.11263072   0.07051465   0.01484218   0.08539199   0.12835197   0.11787183   0.05790677   0.09629738   0.26843150   0.06566469   0.15601229   0.22216869   0.13108680   0.25992178   0.17759796   0.16868415   0.08975003   0.15699708   0.04192021   0.29405073   0.09414257   0.21310676   0.19439143   0.51318854   0.45847649   0.26329654   0.12978098   0.37881316   0.44857768   0.00000000   0.43010887   0.47639033   0.49623538   0.58441386   0.51636875   0.48440646   0.48541187   0.36489552   0.45126296   0.30379407   0.48997796   0.49397473   0.34532146   0.44492842   0.36514227   0.42442649   0.35408807   0.39123295   0.26346125   0.24838345   0.32687744   0.41703286   0.36711253   0.39296018   0.43036377   0.10883551   0.07569426   0.12185528   0.20600893   0.27482717   0.33204287   0.09881415   0.30844286   0.36204567   0.32759467   0.28562928   0.17717411   0.32080786   0.30699829   0.32781427   0.24290598   0.31326410   0.49109222   0.16078346   0.19775805   0.23443661   0.10197552   0.04015593   0.16421440   0.01653877   0.11026926   0.05609098   0.19228084   0.20183993   0.16095403   0.05765286   0.21124601   0.07578910   0.18927697   0.14946893   0.21504925   0.23734699   0.06660145   0.12508454   0.17418699   0.12548574   0.10103704   0.26954595   0.20880176   0.22638278   0.19662181   0.30322482   0.14859621   0.23991717   0.12946115   0.14519506   0.22824756   0.16121480   0.12465822   0.00099769   0.09187916   0.17174313   0.32128069   0.21196055   0.26455535   0.21413247   0.09375712   0.34239323   0.15030341   0.25053913   0.24251058   0.37851325   0.26118552
 0.40908273   0.01267215   0.35416120   0.10447392   0.20053191   0.22692400   0.29024478   0.43959829   0.24749041   0.45786573   0.44240725   0.43486842   0.30461515   0.40928892   0.34829512   0.21385816   0.33112522   0.32860994   0.37955991   0.34151808   0.23415274   0.35227411   0.28324309   0.33699009   0.18604714   0.21507301   0.30923448   0.41013482   0.29315910   0.24812892   0.40322255   0.06645635   0.16554440   0.19863424   0.31739524   0.23464572   0.19795563   0.23441097   0.37174701   0.26933405   0.25283662   0.11420398   0.22585239   0.36917583   0.31880052   0.34507004   0.15594675   0.22416903   0.13768636   0.16412713   0.18796470   0.04043810   0.05382183   0.03406096   0.14782533   0.16109543   0.28341481   0.02417576   0.16797239  -0.01667014   0.28961710   0.20484964   0.13994650   0.18227045   0.26226583   0.03636341   0.25207004   0.13036439   0.18352484   0.14338208   0.07061318   0.24589070   0.09998069   0.07343781   0.02193109   0.11394572   0.12609605   0.09453183   0.05277143   0.03593468   0.08824326   0.12051995   0.09513437   0.02249823   0.06054481   0.19429236   0.01632859   0.13502359   0.18744017   0.10967337   0.20947603   0.17086036   0.16827555   0.04640566   0.11240331   0.05303364   0.35272096   0.13262049   0.17061826   0.17297978   0.43320985   0.32604317   0.20920758   0.05719480   0.28979100   0.31958389   0.43010887   0.00000000   0.42491854   0.49111551   0.47678792   0.40025577   0.40218135   0.44129758   0.33005815   0.38723709   0.27651696   0.41506330   0.41691142   0.30468355   0.37500323   0.27086356   0.35868223   0.32567765   0.33162616   0.22250074   0.21996599   0.30350193   0.39390968   0.33801659   0.34963143   0.37093303   0.09992965   0.08376026   0.10109949   0.16508943   0.27411596   0.28861845   0.09457871   0.23897490   0.32023827   0.32781358   0.26484801   0.17595398   0.31560954   0.29206548   0.35601037   0.23229692   0.27051121   0.45731956   0.13639376   0.20912540   0.19785720   0.10889275   0.05591330   0.18914069  -0.02103438   0.15583193   0.06116872   0.16104909   0.18919487   0.11669023   0.11399062   0.23012016   0.07528078   0.18352143   0.17420451   0.19326853   0.24496441   0.08298618   0.10543353   0.17287327   0.08918526   0.08699126   0.26361112   0.20211950   0.23397813   0.16273113   0.28169694   0.13924854   0.20568205   0.11113782   0.11706163   0.22898595   0.13619377   0.11446031  -0.00111732   0.08823467   0.17352096   0.27817659   0.20443186   0.21228081   0.16991725   0.10726467   0.38905011   0.23796970   0.22057279   0.17981951   0.32401775   0.28285125
 0.47690954   0.28950249   0.62254868   0.36208715   0.38347441   0.42979900   0.24239029   0.47816279   0.21478755   0.60412201   0.37771343   0.59761247   0.25786630   0.31732093   0.22901515   0.08919517   0.45284487   0.39302365   0.35914488   0.39100668   0.10895811   0.25809199   0.17166433   0.22945802   0.17673463   0.07484997   0.12826437   0.31774396   0.33040348   0.39866485   0.51751863   0.24716885   0.36080635   0.38498297   0.23285036   0.24197926   0.25915883   0.44615361   0.47130662   0.28515872   0.24654954   0.07197865   0.25375565   0.46913773   0.37131210   0.36071949   0.27211021   0.38557203   0.13031562   0.21741859   0.21482791   0.10758005   0.07465124   0.10476840   0.15176580   0.12507139   0.36600844   0.24132346   0.30421885   0.11507993   0.41973556   0.32271239   0.13573726   0.18496223   0.34624635   0.05592911   0.42401824   0.25867435   0.33116962   0.23109378   0.24119283   0.43216118   0.27582806   0.24435893   0.16265936   0.25847614   0.16949206   0.23979771   0.25488425   0.03937827   0.21716914   0.19600745   0.06984824   0.09064780   0.00318781   0.20381735   0.04857420   0.13725231   0.27343782   0.23725112   0.26362605   0.12506503   0.29595135   0.05522355   0.11563596   0.19412430   0.33629476   0.09993460   0.07613802   0.24982053   0.38795033   0.42343707   0.52031591   0.33139933   0.45539079   0.55335496   0.47639033   0.42491854   0.00000000   0.50969808   0.49711990   0.55325611   0.33601424   0.37381484   0.23523101   0.30385772   0.33147260   0.45809191   0.46117934   0.38162158   0.47059887   0.29552728   0.45660543   0.20778438   0.27472685   0.10585853   0.08112352   0.22880075   0.31316200   0.20410664   0.42654522   0.35410711   0.26394241   0.22521021   0.27829052   0.37768037   0.20002823   0.26726380   0.26267764   0.44629112   0.44846987   0.37232800   0.28021316   0.14234315   0.24463175   0.28609840   0.39074435   0.25099522   0.42116202   0.56025318   0.30185496   0.34060183   0.40771194   0.09697763   0.03963906   0.26971878   0.05248887   0.10822065   0.06217695   0.23375764   0.19316015   0.15207437   0.06368980   0.17428808   0.27527943   0.32518346   0.30658889   0.25818898   0.15431698   0.10716652   0.13555147   0.39257103   0.23460593   0.21960544   0.33656315   0.35125999   0.31842248   0.34529748   0.36530700   0.24837755   0.42078326   0.27886523   0.30440451   0.29156067   0.29356197   0.28852479   0.02059847   0.09964698   0.19855537   0.36487990   0.16347029   0.29971695   0.13854460   0.19477749   0.37552488   0.10592931   0.13001495   0.18778059   0.41550733   0.27292577
 0.48786448   0.01659893   0.34631294   0.15465219   0.19560631   0.26918974   0.32575035   0.53179115   0.30244319   0.59477536   0.58909447   0.54368246   0.39532120   0.55199890   0.49119122   0.34243051   0.42736902   0.42909265   0.47915150   0.47184931   0.32117304   0.45505860   0.39384582   0.46570814   0.27415663   0.32859944   0.42515790   0.57781843   0.33669556   0.29561387   0.43679671   0.05968454   0.15336854   0.18400424   0.39932160   0.32515708   0.28712892   0.25411173   0.40941715   0.31805948   0.31300868   0.15686074   0.27887255   0.43787587   0.39386896   0.45144707   0.11015908   0.19539836   0.16426983   0.16446744   0.18374378   0.05833565   0.07074094   0.04660649   0.16130445   0.21142221   0.34485693  -0.01460528   0.15322666  -0.04497662   0.29903970   0.18591768   0.17078839   0.19656405   0.29827857   0.02180653   0.21935763   0.07868458   0.15845095   0.15976174   0.07285580   0.23025026   0.07550061   0.05275989   0.00119907   0.07673018   0.11865847   0.09645215   0.01907985   0.03418912   0.06359340   0.13104445   0.11066435   0.01900937   0.12130222   0.28128767   0.01081134   0.13733231   0.19093157   0.10953313   0.21859481   0.21256265   0.18261356   0.06810713   0.15559243  -0.00365003   0.34677948   0.11756792   0.25969578   0.16543425   0.52332185   0.41075039   0.19454677   0.07507515   0.33859966   0.37468425   0.49623538   0.49111551   0.50969808   0.00000000   0.63118471   0.47593354   0.52767477   0.58793112   0.42815785   0.51456291   0.34035040   0.51807893   0.53544863   0.38269453   0.46798569   0.38196414   0.45970842   0.42051925   0.47011580   0.30346928   0.33875795   0.41201910   0.51194710   0.46826283   0.40099570   0.45192772   0.08631611   0.05146951   0.11084967   0.17081477   0.37264264   0.37210185   0.07583540   0.30908958   0.37064849   0.40388976   0.33952570   0.22503089   0.39699770   0.38930156   0.42245369   0.26263758   0.35418671   0.55585067   0.11606984   0.20798061   0.19270145   0.10662488   0.04442606   0.17807351  -0.02976758   0.17008760   0.03554051   0.16905372   0.21734377   0.11813553   0.07975613   0.28127473   0.03999649   0.19441048   0.12998178   0.21460058   0.28050474   0.08687184   0.11906990   0.15085406   0.08199254   0.06406791   0.26852200   0.20002777   0.21837517   0.18830828   0.28958090   0.11244175   0.20725450   0.08141107   0.13209335   0.21200616   0.10651160   0.09123528   0.01251200   0.08647839   0.16503634   0.32015238   0.23978873   0.21730607   0.20402621   0.07407534   0.39743078   0.19800743   0.29576837   0.22480350   0.37999099   0.33652643
 0.56088360   0.05007153   0.37430836   0.27834174   0.29759520   0.41966562   0.37068256   0.59451802   0.30040218   0.55514487   0.69142046   0.71859124   0.40658309   0.62485627   0.55892702   0.38000919   0.48987109   0.48823707   0.56988497   0.51522497   0.35163351   0.47730751   0.38214766   0.48990203   0.28227601   0.35032212   0.47017895   0.64079080   0.33528781   0.38545566   0.54766738   0.11124973   0.24892309   0.26751158   0.44876031   0.39103067   0.34979905   0.37672516   0.46119894   0.32214790   0.30711279   0.14604846   0.26287625   0.46910991   0.39359256   0.49245781   0.11763633   0.26539496   0.14366300   0.16267509   0.15059435   0.03319283   0.07043394   0.06024962   0.15927160   0.24468092   0.42907788  -0.02125059   0.19001406  -0.04482336   0.35080364   0.15367866   0.09613652   0.17147152   0.26723374   0.01751713   0.21021357   0.09131122   0.13253411   0.12463101   0.10868807   0.29059325   0.17862078   0.09161803   0.00553653   0.11599707   0.16702052   0.08797593   0.10272099   0.02086768   0.08188527   0.15082003   0.14212030   0.00534858   0.15778838   0.30579377  -0.00669165   0.15064329   0.22089835   0.07586843   0.27660900   0.19342360   0.17394273   0.03419321   0.12553929   0.06074375   0.37476050   0.12108591   0.29302269   0.16912921   0.59785949   0.54334796   0.24246282   0.14555502   0.45067267   0.54526280   0.58441386   0.47678792   0.49711990   0.63118471   0.00000000   0.65186048   0.61749089   0.65429596   0.45424630   0.58781294   0.40224762   0.58952726   0.62144996   0.43978408   0.57843452   0.47092710   0.53057013   0.44279093   0.52618001   0.32015301   0.33327662   0.44213100   0.56182245   0.51114065   0.46584070   0.53276830   0.14187318   0.13668415   0.15746714   0.25616657   0.39469825   0.44177147   0.16076961   0.41043629   0.42683524   0.41725769   0.32146902   0.21803015   0.43235849   0.38891755   0.40421001   0.26808718   0.38765354   0.61368421   0.14754093   0.19207910   0.26713918   0.09580043   0.05846303   0.15700353  -0.00146510   0.16164228   0.03744447   0.21848624   0.23228650   0.13808076   0.08726373   0.29077859   0.05471396   0.21453059   0.18861205   0.19536266   0.27149453   0.06956477   0.10822251   0.15541180   0.08082344   0.07366474   0.25338541   0.17845061   0.21386956   0.21354734   0.33042077   0.16025765   0.33979236   0.17089046   0.16950753   0.21686775   0.17234376   0.15596886   0.01824932   0.08582168   0.17974053   0.31202374   0.29492493   0.26113709   0.18953889   0.09232000   0.43871463   0.19150608   0.37888254   0.29516005   0.43015097   0.34921533
 0.56544468   0.37484026   0.49139815   0.63698795   0.58872661   0.77803705   0.27372871   0.47898100   0.21220430   0.45572207   0.48876886   0.86134347   0.24832767   0.44024987   0.31759879   0.16309122   0.53940333   0.45723919   0.48291481   0.47459628   0.10534247   0.22637229   0.14114947   0.24339840   0.19358361   0.07830285   0.20627769   0.40705192   0.28273142   0.57701879   0.67381765   0.40473013   0.54549578   0.47524069   0.28964760   0.30753487   0.33764421   0.66619836   0.47897608   0.20669039   0.14468488   0.04296503   0.18812819   0.50962826   0.30802557   0.43477746   0.14615054   0.36585644   0.06079879   0.13462626   0.13906291   0.08619612   0.10437668   0.14860981   0.15121474   0.09703149   0.49580905   0.17263607   0.24385177   0.06358506   0.46299391   0.16940859   0.06009709   0.11461557   0.31574007   0.00531564   0.32634626   0.15689472   0.23609186   0.13265214   0.21313113   0.42295682   0.46961697   0.16139815   0.07287647   0.21963032   0.16655985   0.14984463   0.34303158  -0.00473822   0.17345360   0.11934700   0.12512064   0.01338423   0.04126892   0.23410718   0.02142533   0.17489956   0.29485946   0.12173247   0.34505846   0.10672090   0.23690030   0.05542759   0.10941373   0.26317612   0.28606034   0.06979592   0.10808467   0.21726430   0.51194287   0.70481810   0.55622262   0.49413289   0.71727000   0.87784873   0.51636875   0.40025577   0.55325611   0.47593354   0.65186048   0.00000000   0.46849575   0.46484856   0.25392387   0.42264827   0.43550838   0.58188961   0.61336701   0.48621584   0.70194311   0.50168713   0.58883733   0.15776428   0.26652499   0.08615978   0.03734176   0.22629556   0.34945221   0.26374833   0.56496087   0.48156262   0.46306586   0.50222419   0.38080495   0.57456593   0.24846261   0.33487492   0.47342888   0.64903583   0.52072279   0.35348002   0.27490863   0.09131658   0.21184497   0.25816110   0.30743145   0.21395104   0.37022909   0.65521046   0.24629675   0.27590601   0.42723148   0.06121367  -0.00184341   0.17698182   0.07742457   0.10252684   0.05131593   0.25904442   0.16947072   0.15847710   0.04150935   0.17795051   0.23514775   0.31414705   0.32244183   0.22837020   0.14683863   0.04012990   0.07768630   0.33915254   0.16134097   0.15572226   0.27263203   0.28617113   0.25768428   0.30600523   0.43767403   0.24325510   0.63928204   0.42739623   0.24580673   0.22423922   0.32894353   0.26003516   0.00958660   0.08065489   0.25715349   0.30173055   0.22627765   0.38918848   0.13197219   0.17079722   0.33895601   0.10334387   0.24004797   0.30062611   0.49319254   0.27041129
 0.47666426   0.01647491   0.27912009   0.19839716   0.16988755   0.28981726   0.31644411   0.51213171   0.27958042   0.45323057   0.64243019   0.55810266   0.45126732   0.87301365   0.81085319   0.64371402   0.52025273   0.56102112   0.70538872   0.60741246   0.39689586   0.51005828   0.47102854   0.48625796   0.20462782   0.46374579   0.61366847   0.72758681   0.35965030   0.35313832   0.46905875   0.12018364   0.21458348   0.25622402   0.56038083   0.49141389   0.39389148   0.27171147   0.41339915   0.22449574   0.27960250   0.10543898   0.17927630   0.40217577   0.36012782   0.49891338   0.06839245   0.18597344   0.09511932   0.13779420   0.21625022   0.06502717   0.09444096   0.11824931   0.20585619   0.24351273   0.38158790   0.00463494   0.25299815  -0.07135238   0.26174493   0.21069837   0.21098841   0.20603686   0.31841487   0.03977692   0.27233746   0.15680145   0.23701190   0.25391795   0.09604167   0.14883191   0.05324451   0.01982065   0.08874913   0.17277510   0.19324490   0.13271888   0.02631765   0.06615125   0.13243021   0.17135850   0.19460098   0.13829415   0.17507817   0.35415076   0.03243118   0.25881965   0.30684749   0.10079459   0.36944402   0.24539174   0.25455082   0.13937435   0.21137579   0.01822421   0.34256630   0.09227837   0.35723068   0.20392515   0.50184630   0.47995387   0.15076619   0.07830774   0.31756597   0.35946147   0.48440646   0.40218135   0.33601424   0.52767477   0.61749089   0.46849575   0.00000000   0.70508466   0.52470386   0.87691630   0.49350201   0.77976457   0.78037147   0.49798519   0.59068854   0.62863565   0.61587347   0.49676187   0.54463802   0.40059013   0.42471514   0.38610494   0.60055326   0.64447766   0.46140591   0.55232695   0.08317650   0.05184219   0.17425085   0.23059101   0.47557424   0.55980748   0.02339858   0.30971580   0.35280983   0.25730787   0.41255669   0.21083264   0.42858435   0.27256968   0.32195263   0.23897642   0.26384861   0.58511675   0.11002749   0.21286140   0.16305161   0.08043145  -0.00738188   0.16389158  -0.02168796   0.18286381   0.14222677   0.20774576   0.25086603   0.18178998   0.08974789   0.27762286   0.09883486   0.25317328   0.17495635   0.25771367   0.30984869   0.09118215   0.19094419   0.20159297   0.13200709   0.17384686   0.30552746   0.25986629   0.29402186   0.17588774   0.34977428   0.21408638   0.13990460   0.08982972   0.08057015   0.20028074   0.18827299   0.08338018   0.03202972   0.08893217   0.27561032   0.32391037   0.30747895   0.30198484   0.25282270   0.12297473   0.34327676   0.17133007   0.39531493   0.30328683   0.38389989   0.26251066
 0.48737829  -0.04149839   0.26914992   0.13750690   0.16656310   0.26328737   0.34158070   0.54350899   0.28199160   0.50055631   0.64154252   0.56137455   0.46787029   0.70939651   0.66525104   0.51109896   0.50660760   0.50893392   0.59667031   0.56688265   0.43698463   0.54732287   0.49031196   0.59848063   0.32686777   0.46936705   0.62534552   0.77354612   0.34080076   0.31327494   0.44677671   0.04471685   0.13031669   0.16276814   0.52320638   0.40974588   0.36633065   0.24807533   0.47136664   0.35731867   0.35894112   0.20184961   0.27860791   0.43896894   0.43504793   0.53005462   0.05417543   0.15252569   0.16439138   0.13236426   0.17816347   0.01397675   0.05819092   0.03327634   0.15110239   0.26771668   0.41936788  -0.12817219   0.11458974  -0.12842713   0.25335979   0.13380659   0.15043421   0.18206069   0.29924772   0.02468729   0.17906530  -0.00226743   0.12032902   0.13989265   0.00613081   0.09963921  -0.01562133   0.00338931  -0.06222757   0.01806380   0.10737202   0.03872325  -0.09635754   0.01898713   0.00630065   0.08438394   0.19740153   0.02255065   0.20230690   0.32710724   0.00633209   0.14779966   0.17629074   0.04408622   0.23738685   0.23430226   0.16942255   0.08567925   0.13703972  -0.09487519   0.32420713   0.07707351   0.35820704   0.10353335   0.54216636   0.44182069   0.08212801   0.03176611   0.31623693   0.34317249   0.48541187   0.44129758   0.37381484   0.58793112   0.65429596   0.46484856   0.70508466   0.00000000   0.53888604   0.69637403   0.44283191   0.66779068   0.66519255   0.43840755   0.49753620   0.46046662   0.52879571   0.52185235   0.57745655   0.40980286   0.43564042   0.52644101   0.63580274   0.65195801   0.43938923   0.50741954   0.05679126  -0.03131030   0.09321996   0.12727271   0.47064074   0.48951666  -0.02740940   0.31246949   0.41875670   0.43153910   0.40220314   0.24367143   0.48332257   0.42553306   0.41781918   0.27754076   0.31330103   0.63321855   0.06796473   0.19002513   0.13973275   0.08574427   0.04615847   0.11998649  -0.02715089   0.18984568   0.04827209   0.12034187   0.25151502   0.11663477   0.09746038   0.32010796  -0.06871037   0.13564532   0.08014527   0.18084893   0.33597249   0.05932764   0.09407143   0.08426655  -0.01764461  -0.01627592   0.21675148   0.12673259   0.17304064   0.10457005   0.27269160   0.04151237   0.10799376  -0.02104664   0.06561706   0.12914147   0.03973393  -0.01503984  -0.02093088   0.08152359   0.17499004   0.29449801   0.31012085   0.19595725   0.19539280  -0.00312897   0.34480477   0.18126766   0.40104079   0.29735892   0.41701354   0.32643302
 0.32583266  -0.12835650   0.18732253  -0.01441878   0.00335186   0.07269987   0.26980416   0.40206110   0.22844865   0.38538051   0.46458013   0.33141950   0.41302716   0.54916350   0.53710801   0.44473754   0.35002786   0.39343523   0.47996719   0.42237482   0.36401452   0.44186801   0.44204539   0.49081793   0.20427127   0.43238445   0.53663642   0.56409946   0.27613010   0.15594011   0.26864161  -0.06334313  -0.00222886   0.04014302   0.39743174   0.30847827   0.24835369   0.07446461   0.30116215   0.24732792   0.31391592   0.18376198   0.19895311   0.29510773   0.34452506   0.41368392  -0.01702371   0.04653516   0.13058005   0.12514893   0.17640554   0.01964022   0.04456363   0.02038848   0.13725353   0.24265539   0.23076326  -0.12371171   0.05290617  -0.12291347   0.11973276   0.09214847   0.14491360   0.14722040   0.20326489   0.03379904   0.11160025  -0.01167046   0.06144157   0.12100831  -0.04007472   0.01709919  -0.10024198  -0.03113387  -0.01051961   0.01365176   0.13117683   0.04564167  -0.11233444   0.04284456   0.03625813   0.11159896   0.17324577   0.05183332   0.18888259   0.26209422   0.01807971   0.15900926   0.14520789   0.05850275   0.17836409   0.22149266   0.14493957   0.07133413   0.13735478  -0.10134914   0.28572280   0.09023995   0.28113618   0.10414795   0.39918864   0.25744562   0.01324006  -0.08462535   0.15053473   0.15195154   0.36489552   0.33005815   0.23523101   0.42815785   0.45424630   0.25392387   0.52470386   0.53888604   0.00000000   0.52019561   0.28199732   0.48413796   0.48566113   0.31531757   0.33325790   0.38121597   0.36282325   0.45015589   0.45031840   0.36955693   0.40718908   0.44297320   0.53068918   0.54440942   0.27971785   0.39439212  -0.04056622  -0.09792356   0.00172303   0.01993405   0.37942775   0.36433475  -0.09426443   0.15254291   0.22080730   0.29527942   0.29146601   0.22506877   0.40365132   0.35742543   0.34905332   0.24805103   0.24517750   0.45425687   0.00811112   0.10903219   0.02534517   0.10771151   0.03274478   0.09737583  -0.04015260   0.17390615   0.08403015   0.10336083   0.22279807   0.08631385   0.08522622   0.25309523  -0.03871548   0.09194944   0.00492240   0.14684884   0.28924123   0.05614484   0.12302942   0.03788672   0.00491356   0.00595832   0.16351656   0.09315734   0.17028337   0.03306306   0.19637695   0.05904562  -0.02233095  -0.05910716   0.02100104   0.10950228   0.00729156   0.00215532  -0.00139776   0.07808434   0.16676775   0.21928882   0.26183628   0.14656731   0.19217977   0.02608614   0.30413000   0.17608629   0.32578615   0.18770470   0.25898138   0.22030830
 0.40303736  -0.00780732   0.26228044   0.12956171   0.10706756   0.20975786   0.28596154   0.47782571   0.26922841   0.43069476   0.61033787   0.49873447   0.43969973   0.81976554   0.81217178   0.67291198   0.50378878   0.54036501   0.69889250   0.59482302   0.38135250   0.47515496   0.46660786   0.45680241   0.13823734   0.45748088   0.62141364   0.71513873   0.31296851   0.27877751   0.43431413   0.05184479   0.19101554   0.17140384   0.48565195   0.46559128   0.35270135   0.20514049   0.36623395   0.15537324   0.25448406   0.08862839   0.14275828   0.36364218   0.32250231   0.47742711  -0.01092775   0.14019156   0.07674949   0.11279162   0.25806594   0.06083390   0.08227505   0.09968599   0.19609942   0.22286391   0.30236444  -0.00073093   0.16130169  -0.11692631   0.21344415   0.18105169   0.22841412   0.14187474   0.28669405   0.04917558   0.27601324   0.13401342   0.22672362   0.25051431   0.06640701   0.13985213   0.02911427  -0.00771726   0.14771064   0.20022386   0.23904346   0.14752943   0.04014412   0.09723869   0.16970518   0.15943290   0.19214983   0.15410946   0.17425111   0.34406354   0.04777153   0.29082630   0.31893430   0.11777248   0.35682680   0.23734192   0.24321543   0.15873512   0.20531041   0.06414881   0.37286402   0.10573848   0.33748533   0.23989107   0.45704205   0.41369526   0.14446489   0.04927188   0.26536005   0.31424956   0.45126296   0.38723709   0.30385772   0.51456291   0.58781294   0.42264827   0.87691630   0.69637403   0.52019561   0.00000000   0.41726632   0.78925739   0.74985985   0.48253603   0.55963361   0.61436442   0.59844929   0.49027231   0.51157315   0.41200932   0.44183574   0.38747526   0.56980040   0.65667329   0.39837874   0.53597336   0.05050898   0.03253241   0.07821416   0.16438711   0.37648409   0.51230727  -0.00284975   0.25017126   0.30938701   0.17550481   0.35145651   0.19948460   0.41384602   0.23642264   0.27986553   0.21913762   0.21672918   0.54187301   0.01115353   0.14374135   0.08034613   0.07558493  -0.01876404   0.14722607  -0.04050871   0.17569796   0.16835808   0.20201875   0.22700874   0.15589352   0.08804027   0.26218136   0.08730026   0.13510633   0.12702902   0.16218673   0.31303445   0.08882023   0.20759906   0.16913418   0.10988318   0.10035723   0.29173285   0.24515282   0.28546140   0.13347641   0.31099035   0.22963769   0.10860687   0.09275368   0.07054250   0.17746064   0.19402090   0.10940481   0.02690323   0.07196980   0.30464163   0.32667130   0.30053056   0.28961504   0.25515568   0.16987378   0.36223094   0.16854045   0.38600702   0.28511659   0.34115038   0.20460758
 0.42645902   0.24334520   0.31498821   0.37968115   0.38727150   0.44380278   0.26177315   0.35739959   0.18368159   0.34388447   0.34563287   0.47615099   0.25662580   0.53862346   0.36667505   0.27139819   0.44758044   0.42677485   0.47854447   0.43120417   0.17779337   0.27901800   0.23251892   0.28786648   0.18539431   0.19871592   0.30118223   0.42831213   0.38031819   0.50926317   0.43765978   0.38895709   0.38186646   0.44040836   0.44319100   0.34829730   0.35211374   0.42394417   0.45684944   0.24564264   0.18429912   0.09421783   0.11335068   0.35520389   0.31187354   0.37134959   0.07232249   0.21320934   0.06355091   0.10482774   0.13914588   0.04790587   0.07379952   0.09428926   0.16668396   0.11530715   0.51969654   0.06274956   0.29817633   0.06252231   0.31581846   0.16092033   0.11136435   0.17506677   0.37680636  -0.01024630   0.27728021   0.07312391   0.23943411   0.14552982   0.12815014   0.18428877   0.20953356   0.09043649  -0.01477812   0.11771329   0.12265295   0.09321260   0.06625002  -0.00391055   0.08603230   0.08665582   0.16418174   0.06273524   0.10810493   0.22129731  -0.00026741   0.13986933   0.21978042   0.06505924   0.27075665   0.13218464   0.20024783   0.03516853   0.08407044   0.03880019   0.22908733   0.08724902   0.19170218   0.12080166   0.43937233   0.53757173   0.27158111   0.30653035   0.48852154   0.42622166   0.30379407   0.27651696   0.33147260   0.34035040   0.40224762   0.43550838   0.49350201   0.44283191   0.28199732   0.41726632   0.00000000   0.50758811   0.55577773   0.42522428   0.44214386   0.38815892   0.47030731   0.21030984   0.30020073   0.12347452   0.14695175   0.21292937   0.36520727   0.31517231   0.57502049   0.40839500   0.39083838   0.24342887   0.45534217   0.44972875   0.43580493   0.35030733   0.18043691   0.45159025   0.43783783   0.30492675   0.46288494   0.11558548   0.27396557   0.24200936   0.27117623   0.17173957   0.24587283   0.52157712   0.12071684   0.24820291   0.24919900   0.01571252  -0.00060447   0.08250453   0.01629091   0.11206493   0.04054848   0.13943835   0.20429995   0.15319343   0.07952069   0.25819522   0.13027949   0.32048584   0.25140331   0.21681074   0.23989914   0.02522741   0.09064162   0.28144707   0.05236408   0.11987676   0.24099837   0.24932423   0.21822140   0.20738129   0.30303831   0.12818672   0.26843337   0.15674702   0.14485807   0.11087348   0.18063191   0.08363611  -0.00235818   0.03989715   0.20693436   0.27102660   0.25873531   0.24735015   0.10800823   0.03172413   0.23378133   0.10742969   0.30046737   0.28627442   0.40327708   0.19256835
 0.44452361   0.18871148   0.42016654   0.32091805   0.27734232   0.38270659   0.27126114   0.49039021   0.24124218   0.48076167   0.56079760   0.61793661   0.43461005   0.75817783   0.69200221   0.55257469   0.62733891   0.63922501   0.71983505   0.67881164   0.28353779   0.40468668   0.38294629   0.40227589   0.12510128   0.33758341   0.50878377   0.66185218   0.34798822   0.40998736   0.57341273   0.20278305   0.36126398   0.31677093   0.45095101   0.46812252   0.41442754   0.43777327   0.50798311   0.19222224   0.22984473   0.06659560   0.13686467   0.45083642   0.37115077   0.53246452   0.02953579   0.27783375   0.06555191   0.14936713   0.27438418   0.08725155   0.09914167   0.13633582   0.21060538   0.19169979   0.40214024   0.10252394   0.21361679  -0.04981210   0.38905694   0.22249455   0.19736498   0.13866938   0.38322361   0.04600145   0.39351236   0.16762393   0.32200665   0.25251875   0.14432323   0.29412517   0.21117626   0.09096732   0.21114822   0.31240171   0.30505323   0.20115900   0.18373508   0.11038482   0.26957640   0.18892785   0.18317185   0.16010277   0.10310983   0.31421511   0.05647764   0.32319581   0.39452878   0.16734648   0.43224761   0.20195228   0.31058001   0.11954907   0.17432180   0.19444536   0.43432343   0.10572795   0.23627158   0.30669867   0.46023686   0.52728698   0.36807472   0.27082197   0.43309658   0.51238522   0.48997796   0.41506330   0.45809191   0.51807893   0.58952726   0.58188961   0.77976457   0.66779068   0.48413796   0.78925739   0.50758811   0.00000000   0.81826991   0.62559628   0.67411884   0.65085187   0.71056462   0.40372466   0.44544865   0.31864556   0.29968925   0.37360797   0.54251683   0.56839975   0.51715284   0.59687752   0.22504693   0.21890399   0.20554046   0.36595932   0.37654452   0.50973672   0.18540462   0.49087958   0.47042810   0.25619279   0.37784491   0.16913696   0.36146417   0.25232364   0.34605982   0.23674452   0.30833642   0.70631771   0.09888837   0.23709090   0.23439730   0.07253700  -0.01269014   0.19439508   0.00803292   0.16690943   0.17671117   0.27596757   0.25005868   0.18263955   0.09067893   0.24535423   0.21141143   0.22542841   0.25466863   0.19185727   0.28413988   0.09455934   0.24160950   0.33370477   0.17180975   0.15182202   0.33593592   0.33369178   0.34912310   0.22994591   0.41304356   0.31185842   0.31264308   0.25514536   0.17356259   0.21805227   0.32769573   0.23417531   0.04859420   0.10597510   0.37792435   0.40041103   0.30079263   0.38991812   0.22077559   0.25476517   0.43444930   0.15524597   0.34505800   0.32413129   0.46338210   0.22219846
 0.49850681   0.16682051   0.39921797   0.34822748   0.30220675   0.44028904   0.30196778   0.50812486   0.25132790   0.48525375   0.57434014   0.65390343   0.42155367   0.75826097   0.68240652   0.51682117   0.64301300   0.62607118   0.68956634   0.66643938   0.28504128   0.40872320   0.37627062   0.42055537   0.16659470   0.33755794   0.50256182   0.66123093   0.36212623   0.45111043   0.56809709   0.23985691   0.35195820   0.34230190   0.45615003   0.47102424   0.43737156   0.43704833   0.49282331   0.20791683   0.23507117   0.06625533   0.15150624   0.46650046   0.37563505   0.52189811   0.04304082   0.23960894   0.06665520   0.14358072   0.23337888   0.08394423   0.07719807   0.14109895   0.19071775   0.19151272   0.43860729   0.09518773   0.22837417  -0.02624572   0.36226960   0.21021235   0.19285272   0.14372964   0.35129122   0.05532994   0.35200483   0.13794420   0.28330196   0.23744952   0.13008964   0.25908694   0.17269933   0.08176892   0.13287790   0.22806694   0.23581928   0.16461432   0.12671481   0.07138254   0.19464579   0.17403573   0.18401033   0.12927269   0.11873009   0.32351728   0.02791272   0.24522860   0.30746061   0.13991640   0.36766334   0.18701611   0.28382500   0.11014742   0.17250020   0.12027552   0.37753497   0.10132674   0.25615800   0.23819159   0.48743042   0.57102721   0.33553246   0.25190280   0.47744537   0.54165469   0.49397473   0.41691142   0.46117934   0.53544863   0.62144996   0.61336701   0.78037147   0.66519255   0.48566113   0.74985985   0.55577773   0.81826991   0.00000000   0.58526595   0.66554087   0.61478273   0.69782056   0.40846252   0.45391451   0.31822692   0.30907727   0.37330562   0.54585376   0.55611110   0.52143636   0.57565339   0.23946430   0.18499018   0.25067326   0.37523512   0.39203975   0.49436466   0.15102674   0.49926607   0.47311067   0.28683912   0.39126982   0.17587214   0.37032786   0.27608632   0.35499686   0.24796900   0.31694233   0.69413227   0.11926554   0.24452119   0.23733251   0.07276226  -0.01726446   0.17669800   0.02468394   0.14076602   0.13329556   0.23550163   0.21682690   0.17954806   0.08442132   0.24888815   0.17493707   0.24880611   0.23264966   0.22241215   0.26835363   0.08114498   0.18981059   0.31487700   0.14946372   0.16124132   0.31596370   0.30625448   0.33868676   0.23297690   0.37083789   0.24671180   0.30337799   0.20454177   0.16044696   0.20000575   0.25918253   0.17189072   0.02877520   0.08778009   0.30634771   0.36735459   0.28825311   0.33660034   0.20187242   0.17789220   0.37966451   0.14188301   0.34337395   0.31614473   0.46860709   0.22577843
 0.33828983   0.20760906   0.34740662   0.29709618   0.32377467   0.34728999   0.22652185   0.31668376   0.19650871   0.36161645   0.36903839   0.47895632   0.28620718   0.51556939   0.42310280   0.32032832   0.50669117   0.53515164   0.53503515   0.50894047   0.14335301   0.22809373   0.21482146   0.27718272   0.09932655   0.19666210   0.31840913   0.44381537   0.31691056   0.34669163   0.49525359   0.26077259   0.38650219   0.37741116   0.39863915   0.34180136   0.38610387   0.50053682   0.50024524   0.25712243   0.16224082   0.05976754   0.13240577   0.38458593   0.28736396   0.43472585   0.12066249   0.29812022   0.03881273   0.12537433   0.20024208   0.05230961   0.06761916   0.10745431   0.16193508   0.09792166   0.36740468   0.14637980   0.26557294   0.03829761   0.45039668   0.21724517   0.15070564   0.21187088   0.36429144   0.01002470   0.35383256   0.16805636   0.30690115   0.19060232   0.14169252   0.32510441   0.32305897   0.08899090   0.15771079   0.29040000   0.22506074   0.15733470   0.22829411   0.05903548   0.22482597   0.12502569   0.11667013   0.06219496   0.05145587   0.20183195   0.00351506   0.25089475   0.30332680   0.13287202   0.36206614   0.11303157   0.28260326   0.05431260   0.09644471   0.25162044   0.36117231   0.08977353   0.10251563   0.26053364   0.31449285   0.39834185   0.35731830   0.27167067   0.38494999   0.43788965   0.34532146   0.30468355   0.38162158   0.38269453   0.43978408   0.48621584   0.49798519   0.43840755   0.31531757   0.48253603   0.42522428   0.62559628   0.58526595   0.00000000   0.55297234   0.50133758   0.55028596   0.23228008   0.27787322   0.18230058   0.15548691   0.29277773   0.38891624   0.36289931   0.43721434   0.46198294   0.28653488   0.32194957   0.26589339   0.40756037   0.34933758   0.40462579   0.30381912   0.54090227   0.47310102   0.30466356   0.32941339   0.14234061   0.27488982   0.23624620   0.32276743   0.20426804   0.30422496   0.60785736   0.10879084   0.28681551   0.27606413   0.03774824  -0.01702017   0.15132730   0.02697531   0.14603279   0.11272645   0.22350833   0.22008320   0.16954962   0.08321243   0.20031787   0.24234882   0.28022664   0.33523214   0.21814084   0.23767703   0.06711576   0.19602707   0.33561202   0.12064582   0.13024006   0.30031873   0.31963967   0.28540669   0.22093639   0.37553971   0.27070063   0.36290092   0.31058115   0.15708704   0.21114976   0.32196696   0.23134443   0.01042684   0.08660554   0.33105452   0.32233755   0.23752645   0.32319811   0.14136698   0.24565951   0.36825852   0.14447996   0.22901321   0.24841280   0.40618598   0.22165379
 0.43078574   0.33817237   0.43463733   0.48109171   0.44009717   0.54921381   0.26496400   0.42408431   0.23205457   0.43156057   0.46332593   0.68928115   0.30866775   0.57365009   0.46551611   0.32517127   0.54026627   0.51976740   0.68561418   0.54747571   0.16143752   0.28861046   0.22828877   0.27603857   0.13004383   0.18090005   0.33273098   0.48222260   0.32563693   0.45712679   0.57768565   0.35601046   0.50224831   0.48090418   0.36400750   0.36410085   0.35710831   0.64441742   0.45311877   0.19596174   0.16789545   0.04171391   0.13711570   0.48931348   0.30169602   0.48138706   0.14954557   0.40603131   0.05026918   0.14246700   0.19577203   0.10326315   0.10052964   0.14539816   0.16553819   0.10760937   0.41569599   0.21674868   0.30101251   0.07197489   0.47258866   0.24311060   0.11400019   0.15303742   0.35074982   0.01103580   0.37280255   0.24027457   0.30616603   0.19664795   0.26730127   0.44054816   0.48309917   0.19380220   0.17589827   0.33289443   0.25687499   0.22314632   0.37991773   0.03873771   0.25925917   0.16849715   0.12267581   0.07339903   0.04725141   0.23740968   0.01644394   0.26986143   0.42563944   0.14607298   0.44628144   0.12871332   0.30704413   0.04566274   0.11805162   0.30628200   0.36263703   0.08887086   0.11652609   0.26450387   0.43030747   0.57154626   0.48923441   0.43535205   0.54586117   0.66469631   0.44492842   0.37500323   0.47059887   0.46798569   0.57843452   0.70194311   0.59068854   0.49753620   0.33325790   0.55963361   0.44214386   0.67411884   0.66554087   0.55297234   0.00000000   0.68449742   0.66624972   0.25327709   0.32875100   0.16201131   0.14297505   0.26044226   0.41800163   0.38917816   0.54821706   0.47238263   0.38324387   0.47228213   0.34306613   0.55252296   0.30854140   0.41020251   0.48607557   0.61761086   0.44959753   0.30472408   0.30279685   0.12069934   0.26582699   0.22682915   0.31173100   0.21628182   0.36734582   0.66115118   0.20861327   0.29791971   0.39627491   0.05950487  -0.02405546   0.20657124   0.03992912   0.13824567   0.09982789   0.32958746   0.20295705   0.16678696   0.05969322   0.17792358   0.31972161   0.32717807   0.36694782   0.20460320   0.20770546   0.05196841   0.17454929   0.36825149   0.23119225   0.19800411   0.32366220   0.35372289   0.34257471   0.35065594   0.48365770   0.33087664   0.54958140   0.45300715   0.30067524   0.25880188   0.41369523   0.33489299   0.03240193   0.10431768   0.34975260   0.32949892   0.25436127   0.48630240   0.15586125   0.25990954   0.38394905   0.12153730   0.26385604   0.26862701   0.42922316   0.27143381
 0.29452175   0.22992792   0.26014600   0.32871397   0.23262465   0.34591406   0.23563943   0.31521247   0.19775451   0.32559098   0.40997672   0.49089759   0.31505966   0.61492877   0.57886651   0.49034124   0.44685142   0.50085027   0.70766845   0.52199594   0.17785141   0.27058537   0.27454329   0.26449929   0.05343648   0.26250437   0.41448037   0.49771614   0.27522392   0.32008782   0.43324036   0.22544688   0.37345575   0.33774379   0.36137126   0.38144204   0.30389356   0.43894451   0.29551972   0.06011599   0.12284149   0.00911956   0.04070070   0.34973951   0.19958567   0.43153332   0.01829359   0.25507684  -0.00189497   0.07615296   0.19874823   0.05795394   0.06293779   0.11823394   0.15662577   0.10166131   0.26840054   0.17392861   0.24766926  -0.00095954   0.30170137   0.18424872   0.16938982   0.12034514   0.29962013   0.02428510   0.31143058   0.23711604   0.27088711   0.23776698   0.19590849   0.27793406   0.32318228   0.10089595   0.21653650   0.32419847   0.28888306   0.19658759   0.29639759   0.08132216   0.26171740   0.16374401   0.11206370   0.13869980   0.08986696   0.26761002   0.03713894   0.31580773   0.39075673   0.15249402   0.44262225   0.14989599   0.25153032   0.11161053   0.15364067   0.24982385   0.34264450   0.07736088   0.18320976   0.28867891   0.33926998   0.44290523   0.32733621   0.30046911   0.34780559   0.45219282   0.36514227   0.27086356   0.29552728   0.38196414   0.47092710   0.50168713   0.62863565   0.46046662   0.38121597   0.61436442   0.38815892   0.65085187   0.61478273   0.50133758   0.68449742   0.00000000   0.61031492   0.27998617   0.31733907   0.23680971   0.22785065   0.24735879   0.39817629   0.45077257   0.40473551   0.45153831   0.25158388   0.33278195   0.22433992   0.42718733   0.28691201   0.40143048   0.32072142   0.41630788   0.30314647   0.11754811   0.28152239   0.09738587   0.24079262   0.12374023   0.20187969   0.14651660   0.20475427   0.51365780   0.05727889   0.20186519   0.21959144   0.04567794  -0.06008196   0.12476917   0.01841929   0.12465732   0.17277858   0.27983289   0.19091979   0.16768622   0.06983018   0.17936368   0.29067528   0.23192814   0.25725078   0.15304339   0.23629855   0.05749182   0.22585657   0.28730676   0.21300489   0.20490413   0.31036285   0.32872612   0.32825183   0.25076091   0.40223739   0.32914691   0.35047534   0.34000147   0.18755018   0.21279747   0.34358060   0.26896551   0.05074767   0.07921906   0.37712273   0.29623581   0.25000128   0.41693614   0.20852691   0.26888040   0.34978729   0.12743800   0.29833388   0.25268436   0.30989878   0.18652852
 0.41506671   0.25121836   0.39559107   0.37990291   0.33289576   0.43767586   0.25356767   0.41520058   0.19986063   0.43760593   0.45749026   0.60268228   0.33610362   0.60667717   0.53460452   0.38312641   0.57170413   0.55721363   0.64490513   0.59866687   0.17873722   0.32213915   0.28254040   0.32561417   0.13554492   0.24552132   0.36918702   0.51310927   0.32263972   0.40330845   0.53328160   0.30156102   0.41266068   0.40029759   0.38309345   0.38085064   0.39144970   0.52145040   0.45699982   0.19589827   0.19442183   0.04990871   0.14087730   0.43359705   0.31467461   0.48935217   0.09968846   0.32068240   0.04284799   0.14378252   0.22638261   0.08199672   0.07697137   0.12285009   0.17945501   0.14157132   0.38272794   0.18002422   0.27795229   0.02657987   0.40757791   0.24422713   0.15849719   0.16061595   0.34111682   0.02720733   0.37924390   0.20341301   0.30757777   0.24773551   0.21299494   0.32727333   0.32245034   0.10965612   0.16612214   0.29939859   0.23009944   0.20032502   0.25656912   0.06721138   0.22989372   0.17000221   0.13523478   0.12725674   0.08338339   0.25616064   0.02666309   0.25708454   0.36501854   0.16184844   0.40412847   0.14609374   0.28464164   0.09482998   0.13752637   0.22208316   0.34311923   0.07665140   0.17733682   0.24451723   0.40661276   0.50505850   0.38352239   0.33155854   0.45304594   0.54514438   0.42442649   0.35868223   0.45660543   0.45970842   0.53057013   0.58883733   0.61587347   0.52879571   0.36282325   0.59844929   0.47030731   0.71056462   0.69782056   0.55028596   0.66624972   0.61031492   0.00000000   0.29664881   0.35412639   0.22531042   0.19674406   0.30294353   0.43697294   0.43448191   0.48033465   0.48493524   0.28821726   0.31562702   0.28584302   0.44435303   0.32886232   0.40937797   0.30425487   0.54447824   0.43774487   0.26713438   0.31410801   0.14138028   0.30349690   0.23451036   0.32658072   0.19785860   0.31166544   0.65441208   0.15776341   0.26731282   0.31455835   0.07740447  -0.02958429   0.19098211   0.02298447   0.12204838   0.11688509   0.25298293   0.20423762   0.17450458   0.05895093   0.20852255   0.26510932   0.29034791   0.29342145   0.20068972   0.21620154   0.07613131   0.18836162   0.36150492   0.18084737   0.19665918   0.31670873   0.33468945   0.32659790   0.29165516   0.40940473   0.29894539   0.39266980   0.31310042   0.21103020   0.21470349   0.33268070   0.23284940   0.02536964   0.10032773   0.32109585   0.33243228   0.25397112   0.37778666   0.16902149   0.21299476   0.35391358   0.12227330   0.27378040   0.25801752   0.42930615   0.22740929
 0.33354671  -0.18715271   0.15469203  -0.09269094  -0.06427649  -0.00330501   0.29162779   0.39995488   0.23821466   0.38019508   0.47144516   0.27596046   0.38983446   0.50983249   0.52011671   0.41340831   0.26918866   0.31288679   0.39710753   0.36669174   0.53034583   0.68103616   0.51206713   0.57790439   0.32739117   0.48681747   0.53206771   0.53789638   0.25561733   0.10602543   0.19364345  -0.13840147  -0.08705485  -0.04655475   0.39282847   0.25703979   0.18467595  -0.01579159   0.24156458   0.33515672   0.40642308   0.23460376   0.23634842   0.24896166   0.34222359   0.34338209   0.02578625   0.01823731   0.20087160   0.14748247   0.17881245   0.00485380   0.04576328  -0.02659242   0.14302648   0.34975373   0.18732914  -0.20410988   0.02522208  -0.14223074   0.07187867   0.08766297   0.13947277   0.18676078   0.12807309   0.04525988   0.04184452  -0.03809745  -0.00623516   0.08042799  -0.05887104   0.00006050  -0.17694787  -0.04299055  -0.05533648  -0.04447450   0.06316272   0.01342661  -0.18222120   0.06517887  -0.01425488   0.12589952   0.15431614   0.02484590   0.22604487   0.24407558  -0.02253160   0.10764698   0.09007429   0.03995287   0.11358097   0.26669273   0.10721688   0.05427241   0.13535031  -0.16915484   0.27114203   0.10023355   0.40358700   0.04777037   0.40755428   0.20214119  -0.05996716  -0.14214547   0.07478465   0.06455581   0.35408807   0.32567765   0.20778438   0.42051925   0.44279093   0.15776428   0.49676187   0.52185235   0.45015589   0.49027231   0.21030984   0.40372466   0.40846252   0.23228008   0.25327709   0.27998617   0.29664881   0.00000000   0.67859973   0.45113264   0.54043610   0.49007447   0.59288797   0.55657112   0.24559115   0.34309326  -0.12953337  -0.20990423  -0.06348909  -0.10979344   0.39246614   0.37539736  -0.17912386   0.06970976   0.17468284   0.36332863   0.25930763   0.28005987   0.51522609   0.40262044   0.32457676   0.20977191   0.21252414   0.35109106  -0.01850943   0.08567677  -0.01248352   0.12964264   0.10430346   0.12363108  -0.03258378   0.19018847   0.05677605   0.06134461   0.20882172   0.05489176   0.10425153   0.27626281  -0.11160900   0.03931570  -0.03146253   0.14279071   0.33035338   0.06772964   0.10490250  -0.03875625  -0.03408261  -0.02431375   0.14326578   0.04288014   0.11095676   0.00083747   0.11199543  -0.00695741  -0.09958131  -0.14998192  -0.02332177   0.10263611  -0.05377257  -0.05208668   0.02957475   0.05215511   0.08175536   0.21559245   0.25972270   0.06576998   0.19390674  -0.01222273   0.26325090   0.20191694   0.41219247   0.22763412   0.23563346   0.28901467
 0.41175350  -0.09908864   0.17754791   0.03957729   0.03411828   0.11692011   0.30717078   0.44550477   0.24763078   0.39343533   0.55542950   0.38001565   0.39220772   0.57039474   0.54334332   0.44072624   0.33358451   0.34750172   0.43720496   0.39827670   0.54867590   0.71263987   0.50109480   0.59979081   0.36237722   0.49671453   0.54000761   0.59871085   0.28472190   0.21740109   0.28902740  -0.06408159  -0.01165006   0.05106221   0.44542691   0.28005919   0.24330507   0.10080393   0.30804691   0.35943400   0.39818954   0.22067277   0.21660698   0.28682498   0.35027717   0.34539963   0.04444765   0.07242385   0.17205111   0.12468425   0.15258863   0.01749229   0.05955109  -0.02547520   0.13036934   0.37248960   0.31143133  -0.17947546   0.10031397  -0.11375813   0.11265680   0.08337832   0.08235209   0.16510705   0.15929161   0.03163378   0.06190498  -0.03128031  -0.00877021   0.06807771  -0.02129510   0.05858862  -0.09896574   0.00750648  -0.06339893  -0.03723379   0.07205819   0.03211995  -0.14267849   0.04129665  -0.00134908   0.12019988   0.17582215   0.03229883   0.23106471   0.26116369  -0.03764503   0.06434475   0.07904411  -0.00512491   0.07075288   0.23008108   0.09847236   0.01108693   0.07607775  -0.15748010   0.25344759   0.10927953   0.46175452   0.05915762   0.48195092   0.32870717  -0.02333751  -0.03367268   0.18808589   0.17943612   0.39123295   0.33162616   0.27472685   0.47011580   0.52618001   0.26652499   0.54463802   0.57745655   0.45031840   0.51157315   0.30020073   0.44544865   0.45391451   0.27787322   0.32875100   0.31733907   0.35412639   0.67859973   0.00000000   0.41073496   0.50585686   0.52196744   0.61908954   0.56606927   0.34563557   0.43147951  -0.05758512  -0.14887865   0.02185228  -0.00925366   0.45705193   0.41521032  -0.10678281   0.17891562   0.25713202   0.44203100   0.31246662   0.29725482   0.54318505   0.42217692   0.33813133   0.22858756   0.28133255   0.39839653   0.02807127   0.12118470   0.06947556   0.11800800   0.07328237   0.12945764  -0.02306895   0.17327259   0.03205873   0.09988850   0.21115348   0.09678970   0.08993422   0.30894412  -0.09403163   0.11752631   0.00937768   0.15486209   0.34915399   0.07853863   0.11735312   0.00151770  -0.00878653   0.00275640   0.14639097   0.06751902   0.10136872   0.06816780   0.12693041   0.01376355   0.01323396  -0.10536293   0.03333616   0.12445933  -0.00306460  -0.00629704   0.03103222   0.03671755   0.08892135   0.25493165   0.29314869   0.06863625   0.17550807  -0.02192451   0.26150446   0.18687486   0.48936031   0.29580642   0.33455275   0.37105216
 0.21271876  -0.19010580   0.03700286  -0.10979232  -0.10524024  -0.05378126   0.21662713   0.26643683   0.17422492   0.24490023   0.37013445   0.16430960   0.29190165   0.39752710   0.43797047   0.37752729   0.18185511   0.21994767   0.28571873   0.28886657   0.36157889   0.40836312   0.38636617   0.42934786   0.20317156   0.41663854   0.46106318   0.44571791   0.17395740   0.01475808   0.10613225  -0.12902500  -0.09847192  -0.07232051   0.32288038   0.22492348   0.15603503  -0.05890705   0.16129622   0.21701722   0.29559629   0.16615433   0.16039772   0.15910972   0.22878409   0.28244365  -0.02352022  -0.04478058   0.08442100   0.08779922   0.12553894  -0.00539346   0.05333230  -0.03262684   0.11802282   0.21766254   0.12366827  -0.17559662  -0.02024071  -0.14979570   0.00799335   0.02374391   0.12197087   0.12134667   0.10310135   0.03786513  -0.00476089  -0.05306559  -0.02001962   0.07049692  -0.10965492  -0.09073178  -0.17208876  -0.10337007  -0.03614619  -0.06388029   0.06677260  -0.01131589  -0.18331226   0.03410941  -0.03456709   0.08571743   0.12702837   0.01343791   0.16765586   0.21905537   0.00255460   0.12335301   0.07078398   0.02968267   0.08837067   0.20956758   0.07408883   0.05435687   0.12672656  -0.14506828   0.18256258   0.06586995   0.26919585   0.04053677   0.26641486   0.12067710  -0.10575274  -0.17588739   0.00052602   0.00380023   0.26346125   0.22250074   0.10585853   0.30346928   0.32015301   0.08615978   0.40059013   0.40980286   0.36955693   0.41200932   0.12347452   0.31864556   0.31822692   0.18230058   0.16201131   0.23680971   0.22531042   0.45113264   0.41073496   0.00000000   0.41841486   0.39349517   0.45340055   0.46476753   0.12667926   0.28058941  -0.15002574  -0.17826795  -0.10307298  -0.11031476   0.29149674   0.28655726  -0.17165874   0.02183632   0.11431106   0.23627520   0.18277013   0.22592795   0.36335348   0.31194805   0.22625463   0.16008504   0.13333601   0.25680460  -0.04254970   0.05367203  -0.06592866   0.10271118   0.04861732   0.07179687  -0.07368280   0.16542633   0.07857183   0.03674344   0.18256173   0.05116551   0.04723014   0.20480576  -0.11336603  -0.00628373  -0.05979938   0.09757513   0.26990081   0.04896510   0.10273532  -0.05841074  -0.05211693  -0.04008422   0.09925519   0.03048389   0.08143825  -0.04192435   0.08589422  -0.00916740  -0.15104871  -0.14984302  -0.08905912   0.05789534  -0.07233785  -0.08946711   0.00464944   0.03465255   0.11304175   0.12773571   0.19600672   0.05630453   0.20011427  -0.01378305   0.16874249   0.15392377   0.29472249   0.16994367   0.17130947   0.19863269
 0.23293474  -0.25362466   0.02875948  -0.15827634  -0.13141028  -0.09050632   0.24814554   0.29820690   0.18027742   0.27220047   0.39993106   0.15127255   0.33822753   0.43604627   0.47048215   0.40795247   0.18348436   0.21280477   0.32396532   0.28302467   0.42437640   0.51116882   0.46050965   0.49270157   0.25875349   0.47288998   0.52575495   0.48320345   0.20052807   0.02677386   0.10664390  -0.18836430  -0.16296952  -0.11167758   0.36434542   0.20617664   0.15170817  -0.11503845   0.12502452   0.24923298   0.32417967   0.19848798   0.19429536   0.12626825   0.25637303   0.28265321  -0.02142683  -0.06154901   0.15442936   0.08236340   0.13209044  -0.00528201   0.03602159  -0.04969593   0.10680100   0.28910636   0.13372002  -0.25794782  -0.02469499  -0.15643736  -0.04175365   0.02477916   0.13028878   0.14636494   0.08408066   0.02812826  -0.03604347  -0.09761317  -0.06250730   0.05625595  -0.13170489  -0.11388606  -0.25004465  -0.11813317  -0.09934703  -0.10428415   0.02873946  -0.02475071  -0.25724361   0.04865823  -0.07816309   0.07877114   0.19287331   0.01381666   0.22381059   0.20078627  -0.00907665   0.08696319   0.02966689  -0.01331563   0.04064287   0.24487873   0.06905107   0.07050583   0.12321293  -0.22214610   0.18244081   0.09765592   0.34607136  -0.00419830   0.30597324   0.12642990  -0.16353573  -0.22933917  -0.02942161  -0.04662973   0.24838345   0.21996599   0.08112352   0.33875795   0.33327662   0.03734176   0.42471514   0.43564042   0.40718908   0.44183574   0.14695175   0.29968925   0.30907727   0.15548691   0.14297505   0.22785065   0.19674406   0.54043610   0.50585686   0.41841486   0.00000000   0.43335942   0.49845384   0.49909804   0.14098872   0.27006558  -0.18899803  -0.26758774  -0.12921399  -0.19554665   0.33961839   0.30093437  -0.25161462  -0.04274304   0.08463614   0.26559935   0.22247137   0.23219983   0.42094407   0.32730597   0.22778033   0.14860977   0.13031401   0.23530119  -0.07725242   0.02378902  -0.11750755   0.11721877   0.08239890   0.03577264  -0.07069127   0.17684819   0.03262405  -0.01805986   0.16465898   0.02765960   0.07041410   0.23576441  -0.20612135  -0.03877146  -0.11325665   0.08850019   0.28173227   0.03253333   0.08001166  -0.13532664  -0.11851356  -0.09870231   0.04316919  -0.04620266   0.02901533  -0.09579386   0.02804625  -0.07657280  -0.22140009  -0.23633525  -0.10678122   0.02149527  -0.14520129  -0.14078407  -0.00316831   0.02855766   0.05049659   0.11470067   0.21170713  -0.01771368   0.17600541  -0.07752437   0.17760343   0.18837812   0.33776160   0.18182238   0.13732543   0.21547518
 0.30024992  -0.17622907   0.13560371  -0.05400747   0.00895225   0.05129974   0.27485492   0.36050564   0.23119647   0.36428920   0.45669316   0.31792879   0.40213099   0.44318732   0.42906900   0.32347979   0.29779464   0.34558498   0.36033833   0.36425315   0.41730109   0.48169275   0.44345169   0.62219162   0.32629754   0.47117755   0.54150449   0.53236528   0.23696652   0.09313834   0.23933909  -0.10687071  -0.03563165  -0.00976257   0.44134728   0.21347523   0.23786035   0.10011662   0.32466762   0.47022258   0.40449570   0.26354162   0.32888356   0.26217026   0.36862874   0.41408820   0.05033719   0.06858218   0.16571353   0.12401958   0.13772131  -0.01451370   0.03510431  -0.06292567   0.12599051   0.29304219   0.24519319  -0.21177253  -0.00687091  -0.14829282   0.16425375   0.05679588   0.09668768   0.20477704   0.14414902   0.04184917   0.04501461  -0.08846110  -0.01745861   0.03211515  -0.10467698   0.01674519  -0.07369475  -0.02451101  -0.07202361  -0.04986348   0.06864789  -0.01100396  -0.13015822   0.01993873  -0.03879021   0.07140284   0.18570058  -0.03210997   0.20309739   0.21696683  -0.01235214   0.09254411   0.06958000   0.00147309   0.09753929   0.22560815   0.08675007   0.00540456   0.06905537  -0.11170839   0.25826614   0.09667237   0.28413940   0.05525679   0.39164375   0.19242364  -0.02654013  -0.14199520   0.10238795   0.12974353   0.32687744   0.30350193   0.22880075   0.41201910   0.44213100   0.22629556   0.38610494   0.52644101   0.44297320   0.38747526   0.21292937   0.37360797   0.37330562   0.29277773   0.26044226   0.24735879   0.30294353   0.49007447   0.52196744   0.39349517   0.43335942   0.00000000   0.60115898   0.54984166   0.23840748   0.34458157  -0.10435925  -0.12253158  -0.07935244  -0.06574234   0.45712184   0.38731644  -0.07700608   0.19705189   0.24216052   0.49373830   0.25628840   0.28659599   0.48047571   0.51548335   0.37863848   0.21739431   0.27840796   0.46169234   0.01000270   0.09709600   0.01719680   0.11245549   0.09060869   0.07016607  -0.02860232   0.20978665   0.02155608   0.07088848   0.22266348   0.06940341   0.11097238   0.28213580  -0.14049947   0.05723601  -0.02167553   0.13511163   0.29871205   0.04491246   0.09138033  -0.04241839  -0.09751323  -0.12777074   0.10057461   0.00784252   0.02516061  -0.02574080   0.13100828  -0.03004483  -0.02449143  -0.09563242   0.00077214   0.06896760  -0.03794365  -0.03330416  -0.01165239   0.03687575   0.10460807   0.18633563   0.24534588   0.06579664   0.17172054  -0.01749704   0.25631159   0.16028453   0.37275069   0.19259821   0.26069096   0.28452300
 0.43181054  -0.09225940   0.24758293   0.05899183   0.07874160   0.17107566   0.34600005   0.47420625   0.26040251   0.44640855   0.56091582   0.46377326   0.45104381   0.62806702   0.57779376   0.45227437   0.40410661   0.42958477   0.53918041   0.48523087   0.48901761   0.60867358   0.51650149   0.67067971   0.36056693   0.55097072   0.65228535   0.65983272   0.35790897   0.23225444   0.36290966  -0.01477322   0.06123245   0.10287282   0.55733578   0.33200765   0.28912429   0.19211126   0.39972207   0.46002498   0.45005464   0.25421364   0.32396309   0.35082808   0.40055326   0.48813295   0.06588084   0.11825120   0.16896916   0.15006009   0.18638877   0.02406285   0.06740244   0.01131971   0.18782074   0.32001760   0.34982594  -0.16476310   0.09419312  -0.13825244   0.19727528   0.12417914   0.15474734   0.24143340   0.23077115   0.04518564   0.14066942  -0.01075266   0.08569318   0.11477668  -0.03174875   0.07590067  -0.03392111   0.00492373  -0.03700530  -0.00475647   0.12267551   0.05881075  -0.09528231   0.02108513   0.00325024   0.11664090   0.23683569   0.03157949   0.24929489   0.32028851   0.03987447   0.16176854   0.18780823   0.05544642   0.21259569   0.30651127   0.17120309   0.09362520   0.15949510  -0.09465769   0.31074580   0.09388866   0.37210479   0.13063129   0.50612606   0.34468060   0.05365503  -0.04428438   0.21809590   0.24923203   0.41703286   0.39390968   0.31316200   0.51194710   0.56182245   0.34945221   0.60055326   0.63580274   0.53068918   0.56980040   0.36520727   0.54251683   0.54585376   0.38891624   0.41800163   0.39817629   0.43697294   0.59288797   0.61908954   0.45340055   0.49845384   0.60115898   0.00000000   0.65291803   0.38309564   0.46060398  -0.01089564  -0.06367813   0.04051257   0.06782526   0.54951748   0.48208709  -0.03504249   0.28105218   0.30434083   0.50441312   0.36325423   0.31005460   0.54568100   0.51428719   0.41938528   0.26531984   0.31124496   0.55395551   0.08574197   0.18597119   0.09013964   0.13802458   0.08780128   0.12900177  -0.03260060   0.24484704   0.05937578   0.13313452   0.27580122   0.12409504   0.09360478   0.32126814  -0.06398240   0.14025061   0.04430684   0.21744297   0.35275698   0.04954272   0.13079450   0.05045843   0.00940728  -0.01030877   0.21686788   0.12906500   0.15414591   0.05876510   0.27150005   0.05297639   0.04741061  -0.04078725   0.06283273   0.15751660   0.02612097  -0.00162828   0.01857808   0.06101047   0.17752340   0.29007725   0.33813583   0.18299015   0.23901998   0.02401927   0.32420897   0.18427082   0.44860610   0.25469818   0.34687215   0.36612597
 0.31277038  -0.16809684   0.15223056  -0.03624444  -0.02676956   0.05063285   0.31456170   0.42578589   0.24807394   0.37890751   0.54238497   0.35773689   0.44247309   0.68103027   0.67688836   0.57783043   0.37826013   0.41918046   0.56537181   0.49470064   0.44300944   0.53374648   0.53002251   0.59985326   0.24350511   0.53706387   0.84896096   0.73825040   0.31039971   0.11165075   0.30414210  -0.06939408   0.03513944   0.03211111   0.51152878   0.34264634   0.27713683   0.09041772   0.28473440   0.26285798   0.33316843   0.16860691   0.17984955   0.28355983   0.34195072   0.43735251  -0.05180518   0.02392276   0.09865890   0.10132600   0.23181736   0.00269212   0.03427799  -0.00835722   0.16153124   0.27450177   0.23961853  -0.15419524   0.04963170  -0.18647871   0.10784659   0.10482890   0.24901524   0.15674852   0.24218616   0.06160355   0.14431287  -0.00872815   0.10753823   0.17129894  -0.06246740   0.00137677  -0.08048987  -0.07413744   0.04772335   0.05942425   0.20107293   0.03040325  -0.10332040   0.06785599   0.06851882   0.10347698   0.21614423   0.08993000   0.24368410   0.34469769   0.02743648   0.21570421   0.18906089   0.08198014   0.24612344   0.27725507   0.18187724   0.13198003   0.17451119  -0.05768675   0.33988282   0.12188692   0.39484247   0.15929290   0.43585945   0.26105132  -0.02298647  -0.10992549   0.11782005   0.14981279   0.36711253   0.33801659   0.20410664   0.46826283   0.51114065   0.26374833   0.64447766   0.65195801   0.54440942   0.65667329   0.31517231   0.56839975   0.55611110   0.36289931   0.38917816   0.45077257   0.43448191   0.55657112   0.56606927   0.46476753   0.49909804   0.54984166   0.65291803   0.00000000   0.29807717   0.48024802  -0.05758577  -0.09682254  -0.04356398   0.00376586   0.46004507   0.45181451  -0.11730684   0.17618412   0.20189254   0.27987261   0.33980187   0.23177954   0.45768504   0.34038932   0.30178216   0.22473368   0.18919009   0.46573857  -0.08770086   0.06720709  -0.05139841   0.08845717   0.02404382   0.06804988  -0.04974211   0.22321979   0.13943978   0.11159508   0.24542747   0.09965243   0.12495699   0.28796755  -0.05033018   0.02994408   0.00687981   0.10113943   0.36544526   0.07342205   0.15250990   0.02444856  -0.01994217  -0.04132482   0.20836951   0.11180158   0.16133574  -0.01455466   0.20985081   0.09911893  -0.04385823  -0.04163221  -0.03547871   0.09386666   0.03425431   0.00576184   0.03084547   0.06510102   0.23107307   0.26289743   0.32776019   0.16590335   0.26433424   0.10062304   0.33174101   0.20318590   0.42449747   0.24630330   0.28651869   0.23693568
 0.52737291   0.32175995   0.45549269   0.45931548   0.53327455   0.54958655   0.33797409   0.42538651   0.24594868   0.41767542   0.39817275   0.60469402   0.26414834   0.48714516   0.31683020   0.19062664   0.43818513   0.40936818   0.49767174   0.41805372   0.17593088   0.32568471   0.23474076   0.27830595   0.24016570   0.18698849   0.26659888   0.39814935   0.50482062   0.63203703   0.60550543   0.45319792   0.49784722   0.50187505   0.43457411   0.31312753   0.30500909   0.54168299   0.52241369   0.36578441   0.24925342   0.12428589   0.20876656   0.47233222   0.33448474   0.37645555   0.19942996   0.33652286   0.09625146   0.15771588   0.21851176   0.08355586   0.12163120   0.11779633   0.21067205   0.15437447   0.60660544   0.09827977   0.32602077   0.07836766   0.41967148   0.25191484   0.15354306   0.24090514   0.45026732  -0.00239144   0.35759281   0.15571233   0.29082492   0.15799803   0.17039224   0.37195666   0.37317646   0.17817622   0.07903315   0.21011651   0.22155914   0.16203609   0.23357869   0.02126633   0.18882431   0.13456644   0.18290125   0.05425966   0.11050130   0.20559497   0.04215210   0.23164428   0.34620412   0.10992726   0.33868756   0.16302240   0.30625833   0.06182947   0.10669802   0.18187897   0.33809079   0.13231267   0.15499681   0.24255247   0.55228764   0.65412733   0.42555338   0.41770680   0.62823003   0.56710876   0.39296018   0.34963143   0.42654522   0.40099570   0.46584070   0.56496087   0.46140591   0.43938923   0.27971785   0.39837874   0.57502049   0.51715284   0.52143636   0.43721434   0.54821706   0.40473551   0.48033465   0.24559115   0.34563557   0.12667926   0.14098872   0.23840748   0.38309564   0.29807717   0.00000000   0.50752968   0.49962511   0.37934631   0.44611747   0.51848263   0.44620030   0.37695957   0.35405515   0.52973251   0.49108496   0.43379125   0.42050424   0.16203637   0.30506885   0.29117310   0.32197380   0.23793073   0.35033383   0.56573391   0.17414664   0.33405086   0.31631568   0.04093339   0.01498403   0.14123989  -0.00303679   0.18376614   0.08222087   0.26282785   0.25260504   0.18942315   0.10026221   0.32731174   0.21812466   0.33619120   0.34245347   0.26730406   0.30622442   0.04759479   0.16079378   0.35148590   0.11321732   0.07426563   0.32509414   0.31522500   0.30286003   0.26236430   0.40319436   0.22545831   0.45033701   0.31826856   0.23273878   0.22827410   0.30698782   0.23788430   0.02420639   0.08767622   0.30975507   0.36136996   0.31872169   0.37348692   0.14366145   0.16617677   0.35040838   0.17827958   0.29522920   0.28136048   0.50515234   0.31778561
 0.39129611   0.03299082   0.35488412   0.16032639   0.23184024   0.25511116   0.32250180   0.44717399   0.28638091   0.43125208   0.54498758   0.50914526   0.33797840   0.57589761   0.50676849   0.40017386   0.43253649   0.47812784   0.53455271   0.47727292   0.22102524   0.32853405   0.33098959   0.34476405   0.11630160   0.27393070   0.42999228   0.49767408   0.41229224   0.33122502   0.58338800   0.13384785   0.33733635   0.26077048   0.40370577   0.34133805   0.30248019   0.33529655   0.41425796   0.21801667   0.19536540   0.06789831   0.10813954   0.37222851   0.33644299   0.39924272  -0.02805347   0.16549519   0.04605657   0.14144904   0.32647922   0.09643807   0.11277168   0.15444651   0.23264658   0.17515560   0.41202699   0.01849126   0.12481429  -0.08477555   0.28503567   0.12583290   0.19670580   0.13315887   0.33438225   0.06610692   0.34509348   0.15421760   0.26825993   0.17912059   0.00750949   0.31100670   0.21100597   0.03823566   0.33359784   0.31541253   0.46959604   0.18660291   0.21731777   0.19584619   0.35295399   0.21376617   0.24834804   0.23666669   0.17793863   0.37892864   0.18613592   0.43564718   0.40296814   0.17393513   0.39566285   0.22290730   0.25590322   0.17252481   0.16418580   0.27838235   0.50417108   0.17810706   0.28444265   0.50208979   0.45700990   0.46518735   0.27681621   0.12588860   0.39385883   0.38426390   0.43036377   0.37093303   0.35410711   0.45192772   0.53276830   0.48156262   0.55232695   0.50741954   0.39439212   0.53597336   0.40839500   0.59687752   0.57565339   0.46198294   0.47238263   0.45153831   0.48493524   0.34309326   0.43147951   0.28058941   0.27006558   0.34458157   0.46060398   0.48024802   0.50752968   0.00000000   0.20752759   0.23435020   0.13732301   0.28772751   0.39034048   0.42200830   0.17936691   0.38122135   0.40219731   0.26186253   0.34207260   0.17528130   0.32218590   0.23920313   0.30316176   0.23838726   0.27330030   0.51076649  -0.01936744   0.11603160   0.04860405   0.06566278  -0.02906721   0.12408242  -0.03430577   0.22190101   0.24663347   0.35921619   0.26531817   0.21836672   0.13716615   0.32614964   0.19717366   0.14159840   0.24912602   0.12532499   0.36665708   0.08973805   0.37542170   0.25875683   0.17548145   0.05421630   0.36894838   0.32318710   0.32383213   0.10599395   0.37013263   0.37138453   0.26393746   0.32253439   0.11401402   0.35090397   0.36823577   0.34466917   0.07111667   0.09106242   0.51634529   0.50076146   0.36902836   0.40623442   0.27029543   0.43954749   0.49616408   0.21103178   0.42906131   0.37019638   0.53202681   0.31435123
 0.23961984   0.50782039   0.33176067   0.56015105   0.58744772   0.57235521   0.13178554   0.08857139   0.06232447   0.13675941   0.02389128   0.37229718  -0.02023540   0.09736416  -0.04854576  -0.07348517   0.23957489   0.18511334   0.21625910   0.16917979  -0.15166982  -0.07397965  -0.12136355  -0.12541590  -0.00469522  -0.17307058  -0.08971859  -0.00066417   0.27195813   0.50213038   0.38872782   0.66217477   0.68334611   0.58701574   0.08381355   0.10569877   0.13875945   0.56964781   0.28247576   0.06290569  -0.05000458  -0.05537172  -0.02924744   0.25165394   0.06568189   0.10456120   0.13203201   0.27579745  -0.01554372   0.02021622   0.09318287   0.04660969   0.06785307   0.12113289   0.07777659  -0.06693540   0.36509449   0.32745579   0.32136138   0.24095616   0.33935268   0.18030334   0.06284922   0.10224805   0.34871567  -0.03674693   0.36773684   0.18904728   0.29275269   0.10999066   0.23580806   0.42379169   0.59345873   0.19739415   0.14600761   0.29035271   0.16017567   0.11012138   0.42508600  -0.02550132   0.19365649   0.00123018  -0.01009898  -0.00320767  -0.07057070   0.02725947  -0.05393121   0.07627209   0.21210062   0.05374278   0.22811961  -0.06730543   0.23039752  -0.02691922  -0.04842582   0.40533921   0.15363878   0.05665713  -0.09457175   0.17156388   0.17692681   0.47313367   0.48976663   0.58208842   0.60821494   0.52881927   0.10883551   0.09992965   0.26394241   0.08631611   0.14187318   0.46306586   0.08317650   0.05679126  -0.04056622   0.05050898   0.39083838   0.22504693   0.23946430   0.28653488   0.38324387   0.25158388   0.28821726  -0.12953337  -0.05758512  -0.15002574  -0.18899803  -0.10435925  -0.01089564  -0.05758577   0.49962511   0.20752759   0.00000000   0.64521395   0.57178846   0.66965630   0.11821398   0.10544495   0.55262141   0.47459867   0.34369990   0.14326227   0.25670168  -0.02613008  -0.04500577   0.00168060   0.06019726   0.01982151   0.14787481   0.27350671   0.13008000   0.29120473   0.31138808  -0.05318506  -0.06069146   0.04959282   0.06659771   0.03185264   0.05949669   0.15629153   0.03750668   0.10905612   0.03465194   0.06498081   0.41261053   0.34124087   0.40818358   0.18597931   0.10809904  -0.02527321   0.06383907   0.46826154   0.12810412   0.16149184   0.25179862   0.32920817   0.26554374   0.27842130   0.27079008   0.25817857   0.58339418   0.49610081   0.23797507   0.12287433   0.37765375   0.30303346   0.00815034   0.03951359   0.19788571   0.19264348   0.08619062   0.28959125  -0.00574520   0.23602720   0.17606881   0.04092694   0.04768820   0.14979954   0.28473882   0.09247758
 0.10734822   0.52628764   0.30182975   0.49840303   0.52857291   0.48632518   0.07933022   0.01778316   0.07121420   0.10418948   0.00507541   0.36959511  -0.05876045   0.03725408  -0.08925222  -0.12112470   0.16993642   0.16697813   0.26225884   0.15302655  -0.23735896  -0.17137873  -0.20011885  -0.19597783  -0.11379533  -0.23102151  -0.14800468  -0.08616480   0.18220161   0.31852266   0.38888607   0.57852462   0.76149830   0.63757568   0.04459259   0.08439666   0.10037837   0.71968102   0.21480927   0.00224423  -0.13918338  -0.11858277  -0.06527959   0.25628794   0.01240740   0.13371519   0.15873113   0.41596116  -0.04833976   0.02978310   0.10547475   0.05060447   0.06396086   0.16654711   0.08234334  -0.15161600   0.20610642   0.46953105   0.35748085   0.25043147   0.44140590   0.23975033   0.06711288   0.11512671   0.31158336  -0.04292956   0.43322584   0.38111058   0.40795233   0.18223439   0.34033333   0.59074589   0.85537908   0.21601382   0.37315610   0.53125060   0.32845450   0.22956925   0.71844246   0.04974721   0.38373579   0.08236826  -0.02785041   0.07323992  -0.12225123   0.04277764   0.01597151   0.24926884   0.41000643   0.14820463   0.40556475  -0.08811550   0.25112740  -0.00591636  -0.03624028   0.68708396   0.25697334   0.06849454  -0.14540340   0.35909604   0.08623757   0.30032596   0.55173399   0.55549620   0.45953018   0.51906454   0.07569426   0.08376026   0.22521021   0.05146951   0.13668415   0.50222419   0.05184219  -0.03131030  -0.09792356   0.03253241   0.24342887   0.21890399   0.18499018   0.32194957   0.47228213   0.33278195   0.31562702  -0.20990423  -0.14887865  -0.17826795  -0.26758774  -0.12253158  -0.06367813  -0.09682254   0.37934631   0.23435020   0.64521395   0.00000000   0.48191906   0.78344424   0.04020869   0.10118188   0.82725513   0.54844870   0.27994097   0.05171143   0.11142445  -0.05854597  -0.10483946  -0.06574573   0.04681019   0.01188057   0.15818897   0.29266745   0.15062245   0.25685925   0.39833678  -0.02647255  -0.07807017   0.10688441   0.05853133   0.01632194   0.12838890   0.31857805   0.03087388   0.12698156   0.01381447  -0.00856312   0.63202192   0.37129035   0.57669788   0.14377398   0.04089721   0.00051915   0.18680899   0.52690616   0.32255723   0.27157369   0.36559010   0.48734014   0.34097278   0.38981013   0.43615324   0.49573582   0.74093522   0.79150463   0.30175510   0.27568799   0.63480773   0.51128531   0.03304257   0.04917225   0.37318104   0.22653473   0.10949568   0.47066119   0.03483144   0.50214350   0.25947526   0.05553149   0.03402677   0.13108068   0.22644019   0.11393159
 0.28532501   0.45330033   0.31275163   0.50847659   0.51127287   0.51411375   0.11404133   0.12620825   0.06355689   0.14609366   0.03327201   0.35208952   0.00423192   0.15213551  -0.01347406  -0.07075697   0.23904288   0.18938810   0.21904006   0.17262688  -0.09067037   0.00738858  -0.04688298  -0.04773615   0.07179361  -0.10989328  -0.07704621   0.04310090   0.26720170   0.47633937   0.33088678   0.59956239   0.51423237   0.63426970   0.17219425   0.14879543   0.15663437   0.52534980   0.28312030   0.12288540   0.02796463  -0.03051221   0.05050936   0.28136655   0.11125024   0.11939934   0.30299919   0.33202576   0.01028779   0.06818975   0.02135664   0.05516511   0.04306524   0.09718691   0.07161976  -0.03170580   0.36987419   0.36476129   0.48797055   0.30311735   0.30718785   0.28005313   0.04855741   0.21351194   0.32749906  -0.05326205   0.35102849   0.30007163   0.34282864   0.20593519   0.31848227   0.32855355   0.44941459   0.19760181   0.01171257   0.19856973   0.00221129   0.12474623   0.27910178  -0.07958691   0.05600667   0.01912794  -0.03256702   0.01945511  -0.07140354   0.06007103  -0.04473066  -0.03349012   0.15245890   0.09047504   0.20623005  -0.02783378   0.21165589  -0.00388844   0.01249464   0.20781569   0.06855582   0.04136265  -0.04159556   0.07750260   0.20402465   0.40621340   0.41174984   0.49158651   0.48637437   0.45031696   0.12185528   0.10109949   0.27829052   0.11084967   0.15746714   0.38080495   0.17425085   0.09321996   0.00172303   0.07821416   0.45534217   0.20554046   0.25067326   0.26589339   0.34306613   0.22433992   0.28584302  -0.06348909   0.02185228  -0.10307298  -0.12921399  -0.07935244   0.04051257  -0.04356398   0.44611747   0.13732301   0.57178846   0.48191906   0.00000000   0.65583344   0.19047507   0.13188555   0.43000027   0.41966430   0.33348294   0.20421700   0.33031926  -0.00543938   0.01767775   0.06125723   0.11447623   0.03509057   0.16556254   0.29821494   0.32766929   0.40598417   0.45978193  -0.00707750  -0.00835827   0.10749101   0.07747483  -0.00463020  -0.04126565   0.09370481   0.05751891   0.11883966  -0.00160064   0.08136497   0.41458911   0.55036148   0.41241595   0.34898308   0.06922416  -0.01071544   0.01794406   0.48066531   0.23509156   0.39468235   0.31399420   0.42268252   0.29108355   0.39476109   0.31776578   0.20830452   0.47454538   0.34064178   0.22415173   0.21097967   0.28760343   0.15392920  -0.01616629   0.02724739   0.05958149   0.20237192   0.07408376   0.24963298   0.05984190   0.08469059   0.08057540   0.04004461   0.04309915   0.15530510   0.28279346   0.17549905
 0.29186973   0.63874041   0.41897861   0.65319477   0.58079568   0.63264453   0.13648390   0.16390211   0.08715135   0.22553793   0.09559672   0.52310267   0.03120399   0.20122050   0.03290967  -0.02583699   0.32396597   0.28821609   0.38337796   0.27948338  -0.12693425  -0.04481152  -0.09143066  -0.07058968  -0.00283819  -0.13138836  -0.05164932   0.07291170   0.29675019   0.50471468   0.46849346   0.65665877   0.74363264   0.77216619   0.14229928   0.21673844   0.19501814   0.78447878   0.31532978   0.04970769  -0.04324901  -0.07932120   0.01262398   0.36274097   0.10518938   0.21685625   0.24621652   0.46702096  -0.02403753   0.07832975   0.09326839   0.07876977   0.05481773   0.16379062   0.10958116  -0.06053114   0.34101470   0.55970481   0.49489398   0.27895484   0.43531323   0.35910340   0.11133179   0.16808485   0.38682670  -0.04622567   0.51375772   0.45743693   0.50769412   0.33468716   0.46459026   0.52522659   0.71743371   0.28452496   0.27964261   0.44992137   0.23468002   0.25443294   0.60236017  -0.02581946   0.29530081   0.09756520  -0.01647780   0.12214723  -0.09422564   0.15727203   0.06724052   0.19079603   0.40958179   0.21617205   0.44145975  -0.00583898   0.31018536   0.07831235   0.06207627   0.46689925   0.20509673   0.03555826  -0.05536254   0.30678603   0.22697483   0.48446474   0.60746326   0.67359925   0.56763316   0.64490026   0.20600893   0.16508943   0.37768037   0.17081477   0.25616657   0.57456593   0.23059101   0.12727271   0.01993405   0.16438711   0.44972875   0.36595932   0.37523512   0.40756037   0.55252296   0.42718733   0.44435303  -0.10979344  -0.00925366  -0.11031476  -0.19554665  -0.06574234   0.06782526   0.00376586   0.51848263   0.28772751   0.66965630   0.78344424   0.65583344   0.00000000   0.13057804   0.19540587   0.71053987   0.62819617   0.37411133   0.13964359   0.26665984  -0.01292685  -0.02674063   0.01982643   0.13496257   0.07592973   0.21474215   0.43098731   0.32904603   0.42113860   0.55296566   0.00179271  -0.06834212   0.16491344   0.08388523   0.01503062   0.05776266   0.32482006   0.09039326   0.18176330   0.00317480   0.05794144   0.69736670   0.53431416   0.54239883   0.29045860   0.08143040   0.01963533   0.17858537   0.64717634   0.47155930   0.48410227   0.50427525   0.63220739   0.47410087   0.56897256   0.53842737   0.46904248   0.70652357   0.65698866   0.37716471   0.34216553   0.58725135   0.41963086  -0.00601705   0.07065989   0.31061056   0.34574844   0.14085829   0.52254469   0.13356548   0.36622573   0.20224323   0.02449518   0.06870686   0.18449061   0.33968422   0.18971780
 0.34918639  -0.06481631   0.13060329   0.05858707   0.20604163   0.15284416   0.32768885   0.33686473   0.21479306   0.32057418   0.41387835   0.32225874   0.34002750   0.54516650   0.39993275   0.32033322   0.28102382   0.35629597   0.41814450   0.34083086   0.32730293   0.43938833   0.38111350   0.48856752   0.35100389   0.40721216   0.46218804   0.49526326   0.41974550   0.24555180   0.32944104   0.14365971   0.13178446   0.22369645   0.67719398   0.26568619   0.27664409   0.24664313   0.41352972   0.58093581   0.33997676   0.25322805   0.31097093   0.28460656   0.35905034   0.40601929   0.19039476   0.13003234   0.14717025   0.12490703   0.14942808   0.00195660   0.06859911   0.00896080   0.18739298   0.23559838   0.43429964  -0.17158284   0.24091522  -0.03581138   0.24841587   0.16645668   0.14710059   0.39978696   0.28993266   0.02796626   0.11738690  -0.00587722   0.09852256   0.06526484  -0.05557152   0.10262173   0.06803901   0.01130510  -0.09557650  -0.01384271   0.05458993   0.01191402  -0.08844739   0.00489518  -0.03423670   0.07683179   0.20041884  -0.06232962   0.19201428   0.22583055  -0.03446625   0.11934887   0.12799032  -0.01102761   0.16782542   0.19314478   0.19320111   0.02500488   0.07263510  -0.06521417   0.24162524   0.12379676   0.26280500   0.06632505   0.44236912   0.30171796   0.00864556  -0.01571920   0.21991531   0.15920222   0.27482717   0.27411596   0.20002823   0.37264264   0.39469825   0.24846261   0.47557424   0.47064074   0.37942775   0.37648409   0.43580493   0.37654452   0.39203975   0.34933758   0.30854140   0.28691201   0.32886232   0.39246614   0.45705193   0.29149674   0.33961839   0.45712184   0.54951748   0.46004507   0.44620030   0.39034048   0.11821398   0.04020869   0.19047507   0.13057804   0.00000000   0.46338750   0.06019806   0.30448282   0.33946705   0.56031280   0.46821897   0.24586737   0.40962156   0.43980523   0.36874698   0.20796495   0.28767918   0.45291673   0.09480978   0.26278882   0.09096725   0.06531872   0.04982793   0.06172357  -0.04120752   0.23164324   0.02178153   0.07634081   0.22683510   0.14016537   0.13280100   0.33945021  -0.06477898   0.29797702   0.14910470   0.32663177   0.35253518   0.03914067   0.07980429   0.05953791  -0.09650727  -0.06595080   0.18330721   0.09672481   0.08420626   0.01750659   0.22772975   0.00863991   0.08551549  -0.00885201   0.03397923   0.12216459   0.01807312  -0.01548495  -0.00439696   0.03634914   0.16502923   0.20209338   0.30551326   0.12239749   0.15756768  -0.00469083   0.26225181   0.18218351   0.38002876   0.23162106   0.31650346   0.35707627
 0.33191921   0.03868901   0.20991734   0.14130843   0.17832826   0.20623245   0.27117992   0.35957185   0.21751449   0.33922344   0.44355825   0.40697999   0.32566463   0.55676980   0.48696153   0.38176680   0.33403914   0.42281876   0.47425257   0.41298405   0.28614300   0.37289377   0.33950644   0.39862932   0.19562123   0.36248312   0.43033778   0.48234189   0.30329618   0.24562648   0.36850235   0.09718094   0.19099366   0.20799789   0.45751392   0.30450439   0.31041851   0.28664661   0.36979830   0.31031822   0.26646799   0.13278273   0.19682056   0.33560974   0.28943849   0.40451526   0.07097251   0.18648354   0.06564498   0.12103292   0.17490534   0.00922224   0.06125606   0.04468529   0.17696873   0.18237279   0.30215113  -0.03070575   0.14829697  -0.04568039   0.27383725   0.11239561   0.10391145   0.18274254   0.22949795  -0.01783233   0.18009284   0.08167412   0.14172789   0.11433904   0.06390465   0.16313867   0.11789787   0.04599918   0.08012686   0.13032591   0.19470522   0.13512795   0.08694834   0.04327727   0.12271843   0.11945672   0.17638232   0.04807712   0.14623707   0.26572239   0.04570971   0.22905873   0.24575458   0.07003900   0.27308082   0.21011096   0.19540989   0.07080378   0.14580475   0.07335525   0.29055398   0.07445655   0.23848274   0.19494110   0.37288538   0.32691608   0.15148095   0.09090027   0.27111640   0.27561847   0.33204287   0.28861845   0.26726380   0.37210185   0.44177147   0.33487492   0.55980748   0.48951666   0.36433475   0.51230727   0.35030733   0.50973672   0.49436466   0.40462579   0.41020251   0.40143048   0.40937797   0.37539736   0.41521032   0.28655726   0.30093437   0.38731644   0.48208709   0.45181451   0.37695957   0.42200830   0.10544495   0.10118188   0.13188555   0.19540587   0.46338750   0.00000000   0.11402934   0.34222755   0.29965211   0.34018702   0.31360462   0.20178959   0.35582520   0.30217092   0.30549064   0.21603321   0.25317441   0.46489844   0.06053772   0.16345650   0.13262873   0.07216525   0.00075498   0.09778152   0.01509379   0.16339560   0.09335045   0.20449926   0.22263274   0.13302189   0.08111632   0.23637525   0.07774321   0.18655497   0.15946224   0.16101020   0.27930881   0.07966519   0.18340115   0.13268059   0.07661441   0.02331649   0.23827525   0.19258745   0.18524508   0.13389992   0.29955737   0.14950136   0.17733519   0.13220352   0.10556502   0.17650038   0.18142120   0.13646159   0.00229338   0.06204620   0.26076949   0.27692070   0.26239871   0.25748127   0.19305312   0.13930132   0.29173203   0.15279682   0.33750621   0.21730610   0.29299931   0.25498894
 0.11322067   0.49426742   0.30783050   0.44892828   0.50437774   0.44452119   0.08129529   0.03069201   0.07364680   0.12775082   0.00787759   0.37665282  -0.04272400   0.01556151  -0.10836269  -0.15791340   0.16150873   0.17026346   0.26764104   0.13276874  -0.19763238  -0.12893601  -0.17446085  -0.14261424  -0.05704348  -0.20719218  -0.16165830  -0.07774316   0.14822539   0.26683427   0.37593986   0.49620663   0.65839739   0.59295400   0.05808823   0.08223369   0.11809976   0.73731372   0.25189267   0.08264948  -0.07171925  -0.06697459   0.02668975   0.29303553   0.04033996   0.18295584   0.25021413   0.49774563  -0.00995274   0.06761581   0.05255122   0.05743497   0.05529113   0.13663281   0.07129259  -0.11498552   0.19718397   0.43852546   0.36134334   0.26334256   0.50907231   0.24745854   0.00733495   0.15259228   0.26852873  -0.04386909   0.36180082   0.38187653   0.36920309   0.11657617   0.38697538   0.61432706   0.84982754   0.28186358   0.29560205   0.48163598   0.26923824   0.25289326   0.71337445   0.02388208   0.35156200   0.10878435  -0.04577050   0.01613918  -0.10977515   0.01616536   0.02492142   0.23133938   0.42005534   0.15113648   0.40432319  -0.04774345   0.21843583  -0.05660777  -0.02457201   0.62111032   0.22530824   0.05226241  -0.15869883   0.31041754   0.10022095   0.26973781   0.52733172   0.52570123   0.41359275   0.49101010   0.09881415   0.09457871   0.26267764   0.07583540   0.16076961   0.47342888   0.02339858  -0.02740940  -0.09426443  -0.00284975   0.18043691   0.18540462   0.15102674   0.30381912   0.48607557   0.32072142   0.30425487  -0.17912386  -0.10678281  -0.17165874  -0.25161462  -0.07700608  -0.03504249  -0.11730684   0.35405515   0.17936691   0.55262141   0.82725513   0.43000027   0.71053987   0.06019806   0.11402934   0.00000000   0.57247129   0.28634277   0.14360951   0.07338343  -0.01685667  -0.06546638   0.00845739   0.12171117   0.04817302   0.23787348   0.32661536   0.24719833   0.27035947   0.48441498   0.01259153  -0.04739669   0.16462022   0.04988273   0.03677763   0.05677070   0.35298736   0.04725105   0.12832089   0.02484696   0.00600957   0.56773162   0.37589006   0.56194527   0.16092069   0.02963057   0.02556087   0.15360550   0.45652636   0.33329436   0.25401456   0.33514957   0.44405302   0.29159487   0.43921833   0.46633550   0.44289663   0.74645036   0.75760420   0.37899533   0.31902162   0.59904378   0.51252900   0.04052212   0.06827054   0.32918478   0.21504475   0.09063861   0.48636520   0.03995604   0.42381808   0.23990925   0.04803164   0.02489858   0.07852863   0.22583835   0.18888922
 0.35043896   0.42308824   0.39883922   0.55747680   0.55417447   0.59346753   0.18122959   0.27091195   0.12869227   0.31348496   0.27302095   0.60384144   0.18168951   0.33744308   0.16585179   0.06249719   0.50053049   0.44980647   0.42002088   0.43150667   0.00453941   0.12847487   0.06091553   0.16178791   0.15047410   0.03393439   0.10967493   0.25606497   0.29368955   0.48094421   0.56553956   0.44509303   0.53341642   0.53282493   0.30464531   0.24259792   0.39739987   0.80210777   0.52666199   0.31243731   0.13145377   0.03386739   0.15458062   0.44627651   0.27243374   0.37835337   0.21630892   0.39842683   0.00848721   0.14602588   0.12400272   0.06144454   0.08741492   0.10331438   0.13568892   0.05388899   0.48080098   0.22351427   0.29729031   0.14340658   0.54077516   0.18977030   0.02104807   0.15512532   0.34138010  -0.04168846   0.34039761   0.15538526   0.27279523   0.10734192   0.22272433   0.42658733   0.56734892   0.20254380   0.09711579   0.25516961   0.17417624   0.19870127   0.38356883  -0.02018051   0.20895094   0.10276727   0.08063027  -0.03391452   0.00025813   0.14240773  -0.00794118   0.17525455   0.28741553   0.10565465   0.32397327   0.03645769   0.25332587  -0.02098925   0.03551400   0.30481409   0.23066094   0.04171638   0.03604285   0.20140041   0.32079922   0.52064226   0.51460805   0.51142325   0.58281498   0.66474948   0.30844286   0.23897490   0.44629112   0.30908958   0.41043629   0.64903583   0.30971580   0.31246949   0.15254291   0.25017126   0.45159025   0.49087958   0.49926607   0.54090227   0.61761086   0.41630788   0.54447824   0.06970976   0.17891562   0.02183632  -0.04274304   0.19705189   0.28105218   0.17618412   0.52973251   0.38122135   0.47459867   0.54844870   0.41966430   0.62819617   0.30448282   0.34222755   0.57247129   0.00000000   0.51812956   0.41741541   0.23919597   0.10366855   0.18021992   0.24820674   0.30899018   0.19478315   0.38011195   0.63166812   0.23282981   0.29689798   0.44258751   0.02520005  -0.02058545   0.13986520   0.07304528   0.08246816   0.03048881   0.25918687   0.17657683   0.15537481   0.04133827   0.15587523   0.29680945   0.34831318   0.38052432   0.19628473   0.11772348   0.03174447   0.13758204   0.37781499   0.14452447   0.12133626   0.24667158   0.29825289   0.23541028   0.31754007   0.41219471   0.23098620   0.60020293   0.46366313   0.29341634   0.18496101   0.35776821   0.30759276   0.00752057   0.07670055   0.26776117   0.27541707   0.20663598   0.35801229   0.07239666   0.19165231   0.26297362   0.05182574   0.18403413   0.21767959   0.44913540   0.23476052
 0.43552817   0.23616969   0.41382175   0.34306866   0.44671022   0.43739310   0.22399945   0.37147973   0.20512463   0.38008315   0.33637028   0.51744626   0.22863957   0.38056605   0.24784322   0.11976986   0.44144302   0.43470379   0.36929148   0.39440956   0.09551504   0.21952216   0.15561922   0.23062379   0.20726084   0.08243795   0.14196158   0.35202591   0.31148320   0.44822031   0.53402670   0.32496224   0.37086038   0.39507460   0.37355728   0.26095817   0.35282285   0.48577545   0.57946601   0.37183029   0.19896188   0.11063644   0.21598364   0.42560263   0.34618421   0.38408013   0.22221538   0.31730168   0.09298510   0.12802549   0.14465837   0.04065785   0.10219689   0.10445271   0.14221080   0.12151078   0.50862321   0.05365212   0.26319181   0.07648173   0.46266309   0.18260594   0.06092366   0.23675268   0.38655788  -0.01254540   0.28177938   0.08454371   0.22999391   0.07746326   0.10055693   0.32071409   0.28831019   0.11503259  -0.01210140   0.15074131   0.09231450   0.12490427   0.11520006   0.00264183   0.09936382   0.09809921   0.10375333  -0.04135043   0.00588751   0.10761057  -0.05189284   0.11218746   0.17515572   0.05905197   0.23457073   0.06521574   0.20979376  -0.02459155   0.01843552   0.14056854   0.27594447   0.06658218   0.05526692   0.14874406   0.38360235   0.46401863   0.36859093   0.29507264   0.48759551   0.47756225   0.36204567   0.32023827   0.44846987   0.37064849   0.42683524   0.52072279   0.35280983   0.41875670   0.22080730   0.30938701   0.43783783   0.47042810   0.47311067   0.47310102   0.44959753   0.30314647   0.43774487   0.17468284   0.25713202   0.11431106   0.08463614   0.24216052   0.30434083   0.20189254   0.49108496   0.40219731   0.34369990   0.27994097   0.33348294   0.37411133   0.33946705   0.29965211   0.28634277   0.51812956   0.00000000   0.46537100   0.37918787   0.13276670   0.24649738   0.28967956   0.35849436   0.22616409   0.37950491   0.58718366   0.18692298   0.30685332   0.34262183   0.05530245   0.02992700   0.12417672   0.03631923   0.11433175   0.02020293   0.13608535   0.15791274   0.13758356   0.05622879   0.21989590   0.10830935   0.29105254   0.34097699   0.23277820   0.22668004   0.03933741   0.07638155   0.27506966  -0.00113577   0.02382185   0.21976387   0.22757356   0.18627885   0.20320106   0.29629480   0.12919989   0.37049859   0.20830865   0.16409987   0.16932718   0.21914308   0.13434857   0.00430058   0.08941655   0.19714714   0.26992027   0.18407796   0.23346329   0.05387691   0.08643598   0.30961591   0.10427857   0.20321338   0.24985310   0.47200887   0.27939001
 0.44193725   0.01981445   0.29582426   0.14473496   0.33573690   0.27854141   0.31154344   0.37236534   0.21437810   0.39956671   0.36007803   0.43844453   0.30445442   0.29892087   0.17936882   0.04449223   0.31300040   0.32154881   0.25370050   0.30210804   0.31033216   0.47117792   0.31894797   0.50722486   0.56563813   0.31286190   0.27211261   0.38215242   0.36673405   0.31306841   0.39169786   0.14959402   0.11112084   0.24897220   0.52495274   0.15736052   0.26640491   0.34700407   0.54492371   0.78664006   0.48922164   0.31943216   0.53141319   0.46086963   0.44620276   0.39578137   0.46319582   0.28923749   0.22383843   0.18901090   0.08765920   0.00945633   0.10048942  -0.01580975   0.16177049   0.26055071   0.52434320  -0.15424870   0.22354755   0.04591589   0.38585595   0.20129018   0.00514877   0.39575014   0.23226248  -0.02270708   0.13130008  -0.00291246   0.05283928  -0.00627946   0.01151235   0.20356463   0.12642561   0.10969356  -0.26591940  -0.13800407  -0.11240879   0.01906279  -0.09255890  -0.09224516  -0.15247601   0.04003221   0.12394369  -0.20897883   0.10927391   0.10675740  -0.02972409  -0.05084574  -0.00517147  -0.02823046   0.02108967   0.17981002   0.16191486  -0.06425576   0.02385472  -0.12175860   0.15594529   0.07201699   0.15516147  -0.02161304   0.45502880   0.31711701   0.12880862   0.06777567   0.31282933   0.28324100   0.32759467   0.32781358   0.37232800   0.40388976   0.41725769   0.35348002   0.25730787   0.43153910   0.29527942   0.17550481   0.30492675   0.25619279   0.28683912   0.30466356   0.30472408   0.11754811   0.26713438   0.36332863   0.44203100   0.23627520   0.26559935   0.49373830   0.50441312   0.27987261   0.43379125   0.26186253   0.14326227   0.05171143   0.20421700   0.13964359   0.56031280   0.34018702   0.14360951   0.41741541   0.46537100   0.00000000   0.33263091   0.29930415   0.46444505   0.61944259   0.48790528   0.27817586   0.50743709   0.55190390   0.38054974   0.41135185   0.33033546   0.12013413   0.15822941   0.14504192   0.02016688   0.23377734  -0.09417081   0.03599922   0.21399647   0.10558954   0.07883411   0.29982651  -0.11248256   0.33362730   0.18178890   0.37738965   0.27248241   0.02884266  -0.02942581   0.05848632  -0.09472850  -0.07786745   0.13512995   0.07121489   0.04012219   0.11971000   0.23324217  -0.12359448   0.20177407  -0.03861910   0.14071686   0.20076331  -0.04807965  -0.06011166  -0.03057302   0.07424056  -0.00784374   0.20617573   0.19494672   0.06988779   0.08217048  -0.13749829   0.21186436   0.13276349   0.25175315   0.17470005   0.43072883   0.54565947
 0.39081037   0.07264315   0.27960646   0.15873468   0.25678049   0.23330443   0.27837846   0.34530335   0.20127729   0.32691699   0.31526033   0.31360390   0.23779137   0.44215451   0.32690980   0.27113786   0.31029732   0.32496127   0.36001267   0.31453666   0.20007745   0.31319642   0.27801920   0.28455019   0.24420238   0.23138298   0.31894935   0.40648034   0.39204898   0.33214347   0.31050355   0.26844637   0.24527925   0.30712118   0.43720656   0.25950645   0.22132784   0.22871304   0.37746015   0.30543685   0.23145932   0.15183222   0.19498597   0.30650221   0.28683913   0.31243871   0.15120595   0.15143280   0.12169081   0.08796437   0.17279018   0.01917379   0.05729964   0.04438845   0.15263629   0.17729463   0.36260231   0.02768856   0.30634490   0.04913383   0.21559357   0.25534561   0.27125432   0.31785376   0.44766987   0.01270252   0.27490349   0.10235181   0.27156386   0.19625127   0.06679034   0.14749483   0.08802726   0.02118655  -0.03917955   0.08043374   0.07622563   0.06089483  -0.02551776   0.00942347   0.02629513   0.05347235   0.11842576   0.01706971   0.09863498   0.22094288  -0.03385654   0.10943624   0.16008385   0.11051252   0.24584905   0.17631364   0.24143464   0.08260824   0.12752696  -0.00314593   0.25591147   0.11035150   0.21445945   0.12238641   0.39524704   0.33510827   0.16849680   0.10777088   0.31452470   0.22924561   0.28562928   0.26484801   0.28021316   0.33952570   0.32146902   0.27490863   0.41255669   0.40220314   0.29146601   0.35145651   0.46288494   0.37784491   0.39126982   0.32941339   0.30279685   0.28152239   0.31410801   0.25930763   0.31246662   0.18277013   0.22247137   0.25628840   0.36325423   0.33980187   0.42050424   0.34207260   0.25670168   0.11142445   0.33031926   0.26665984   0.46821897   0.31360462   0.07338343   0.23919597   0.37918787   0.33263091   0.00000000   0.16885320   0.28177785   0.26821253   0.29371041   0.15025029   0.19772062   0.42365900   0.11143092   0.30952265   0.18618855   0.06831750   0.02838212   0.09663196  -0.00933321   0.14184877   0.02714508   0.03432422   0.18332847   0.11034113   0.08365359   0.24433250   0.09801106   0.33516427   0.23210994   0.33602884   0.33532978   0.04493462   0.08330500   0.24894277   0.00854694   0.12774438   0.32693406   0.28879956   0.22559049   0.14070414   0.25739997   0.11085555   0.13980518   0.06762854   0.03613770   0.14543334   0.09183741   0.02466523  -0.02070978   0.04635460   0.15863615   0.25934486   0.23735974   0.17076105   0.15145085   0.05751627   0.26879444   0.16123101   0.26005529   0.23244957   0.33156724   0.26689002
 0.18344059  -0.06983514   0.11666711  -0.04789328   0.00432909   0.00461525   0.16632715   0.19336340   0.13152156   0.21015921   0.23839789   0.14861426   0.20093049   0.21635619   0.21262592   0.14854786   0.14162844   0.17246114   0.17032012   0.17355730   0.23717950   0.29626412   0.25770742   0.30551947   0.23380665   0.24860349   0.24044450   0.24233677   0.18612607   0.06943538   0.13688421  -0.03873593   0.00195974   0.03107633   0.21529980   0.13353916   0.12100951   0.04993150   0.19107870   0.28575401   0.28046144   0.14873932   0.21610843   0.17501675   0.21120966   0.17993685   0.11440092   0.06715822   0.10309182   0.09883074   0.12119336   0.04941328   0.05049311  -0.04557883   0.14390136   0.19541362   0.13209324  -0.07526140   0.07739079  -0.01145229   0.10366134   0.10303617   0.08564312   0.17259226   0.11695064   0.01059911   0.06726385  -0.00083987   0.02840532   0.03992031  -0.00931903   0.06041297  -0.01871837   0.00047317  -0.02693684  -0.01478055   0.06780840   0.03537971  -0.02984117   0.01748357   0.02615195   0.05838949   0.07838476  -0.02172715   0.14583620   0.11992836  -0.00745121   0.08909872   0.07577385   0.05321552   0.06865407   0.15233442   0.10802567   0.02173105   0.07436077  -0.04520431   0.13872162   0.04684663   0.18074911   0.06630250   0.19953541   0.10297104   0.00549261  -0.05085212   0.05782536   0.04253927   0.17717411   0.17595398   0.14234315   0.22503089   0.21803015   0.09131658   0.21083264   0.24367143   0.22506877   0.19948460   0.11558548   0.16913696   0.17587214   0.14234061   0.12069934   0.09738587   0.14138028   0.28005987   0.29725482   0.22592795   0.23219983   0.28659599   0.31005460   0.23177954   0.16203637   0.17528130  -0.02613008  -0.05854597  -0.00543938  -0.01292685   0.24586737   0.20178959  -0.01685667   0.10366855   0.13276670   0.29930415   0.16885320   0.00000000   0.30169277   0.32158938   0.22893684   0.15867706   0.19758926   0.22624875   0.06563851   0.15499900   0.04776070   0.12215389   0.07122182   0.12757030  -0.04515108   0.16894813   0.00577992   0.03725683   0.17111641   0.07307789   0.07693080   0.17971716  -0.03883928   0.08847296   0.02998392   0.14820668   0.20222718   0.09398554   0.06276496  -0.00177077  -0.03119038  -0.02405309   0.09915408   0.04876873   0.06583028   0.03833700   0.10129343  -0.01126796  -0.00156601  -0.02796625   0.03627981   0.09211948  -0.00917862   0.03206439  -0.00347340   0.06744664   0.09015570   0.14883844   0.16705498   0.05647538   0.15167176  -0.00994699   0.14993425   0.10760398   0.19344008   0.06734021   0.17990276   0.21435344
 0.33563973  -0.12141886   0.17930321  -0.01095722   0.05213806   0.08246664   0.29128650   0.36977933   0.23601927   0.35147494   0.45890191   0.31778798   0.35007053   0.46056901   0.41947325   0.32717328   0.27542765   0.33102624   0.35425922   0.32996444   0.43056013   0.54685554   0.44809272   0.52207127   0.35351990   0.42797067   0.44937059   0.49751630   0.29487661   0.17756045   0.26443287  -0.03730107  -0.00407432   0.05279993   0.43772344   0.26349899   0.24272056   0.10341347   0.35339091   0.43103926   0.41638404   0.24257659   0.30411161   0.32912091   0.35640141   0.35607384   0.11245777   0.10317830   0.17137534   0.13913464   0.15413396   0.03692660   0.05149841  -0.01976464   0.16960748   0.30986534   0.27581747  -0.17769329   0.10502062  -0.07477510   0.19254500   0.09876926   0.07569561   0.21100343   0.16194715   0.00794512   0.06293095  -0.03902037  -0.00360917   0.02870896  -0.04514866   0.06351154  -0.05620985   0.00217279  -0.09891359  -0.05171593   0.03769392   0.04510693  -0.11298360   0.01920100  -0.03557026   0.10151686   0.16661893  -0.02945121   0.21374730   0.21831828  -0.01660400   0.09201459   0.08614543   0.00107258   0.09171712   0.24349443   0.12572842   0.01261160   0.07979778  -0.12483647   0.24942167   0.09984827   0.32463669   0.03404982   0.40578267   0.23994620  -0.01419297  -0.07638071   0.15655747   0.13057863   0.32080786   0.31560954   0.24463175   0.39699770   0.43235849   0.21184497   0.42858435   0.48332257   0.40365132   0.41384602   0.27396557   0.36146417   0.37032786   0.27488982   0.26582699   0.24079262   0.30349690   0.51522609   0.54318505   0.36335348   0.42094407   0.48047571   0.54568100   0.45768504   0.30506885   0.32218590  -0.04500577  -0.10483946   0.01767775  -0.02674063   0.40962156   0.35582520  -0.06546638   0.18021992   0.24649738   0.46444505   0.28177785   0.30169277   0.00000000   0.47590806   0.35661792   0.24419924   0.30045804   0.41489605   0.08034984   0.13488727   0.07669514   0.12820868   0.09401093   0.11298072  -0.06034794   0.19292806  -0.00442933   0.05092345   0.22105636   0.08401755   0.10437088   0.27235063  -0.11774025   0.11431920   0.03971059   0.18238855   0.30156281   0.08867544   0.08599313  -0.01538449  -0.06744895  -0.07471499   0.10243525   0.03242270   0.05877859   0.01286055   0.15376378  -0.03745409   0.01435873  -0.09019721   0.02167316   0.10002059  -0.03945772  -0.03038250  -0.00140556   0.05085638   0.08696240   0.18168669   0.28768099   0.05989475   0.14878484  -0.04971717   0.25508598   0.19408587   0.39932131   0.20968549   0.28344791   0.32822143
 0.36663241  -0.07678428   0.20968756   0.04630080   0.13452449   0.15426222   0.26765802   0.34658233   0.19385806   0.35728145   0.38715029   0.34590247   0.30312887   0.31444717   0.24662676   0.14940079   0.25110369   0.28144137   0.24589844   0.28004079   0.36608233   0.43624807   0.36334076   0.53771782   0.44141125   0.35609917   0.35679511   0.39874051   0.26535795   0.19480143   0.26198910  -0.00316715  -0.01249450   0.08570585   0.40513127   0.18582767   0.23398060   0.18796173   0.38740686   0.55491857   0.46605832   0.32064755   0.45396593   0.34326531   0.40493712   0.37214579   0.21996626   0.16456517   0.23017551   0.21213604   0.05196383   0.01373499   0.06880006  -0.02511332   0.14310025   0.26014048   0.34445151  -0.15721256   0.09109619  -0.04514080   0.24529673   0.08795895  -0.00481889   0.26508625   0.14197533  -0.00070009   0.03008457  -0.07540625  -0.01794579  -0.04139566  -0.02154916   0.07333230  -0.01498184   0.04340194  -0.19859276  -0.12849398  -0.05165302   0.00081289  -0.12835756  -0.06550958  -0.11607344   0.04933295   0.14747911  -0.11800606   0.18585509   0.18019699  -0.00201962   0.01762181   0.02032546  -0.02326863   0.04422643   0.25553082   0.08990016  -0.05907216   0.04858604  -0.17033865   0.15546198   0.04685329   0.22295664  -0.02193189   0.39676933   0.22535186   0.04230924  -0.04079730   0.17094580   0.18103887   0.30699829   0.29206548   0.28609840   0.38930156   0.38891755   0.25816110   0.27256968   0.42553306   0.35742543   0.23642264   0.24200936   0.25232364   0.27608632   0.23624620   0.22682915   0.12374023   0.23451036   0.40262044   0.42217692   0.31194805   0.32730597   0.51548335   0.51428719   0.34038932   0.29117310   0.23920313   0.00168060  -0.06574573   0.06125723   0.01982643   0.43980523   0.30217092   0.00845739   0.24820674   0.28967956   0.61944259   0.26821253   0.32158938   0.47590806   0.00000000   0.41504296   0.24173595   0.36505027   0.45735018   0.23556453   0.22608323   0.22242056   0.18661349   0.17698898   0.16390237  -0.02579590   0.23456783  -0.07740185   0.04390015   0.19458266   0.05914494   0.07385945   0.26822471  -0.13688779   0.19586666   0.04841100   0.28961509   0.24142477   0.03349717   0.01716020  -0.01999386  -0.06809417  -0.05697120   0.08302973   0.01580990  -0.00115453   0.07588531   0.19211070  -0.09504674   0.06008523  -0.09359731   0.07777443   0.12118015  -0.07015382  -0.06861079  -0.02605626   0.05827406   0.01213128   0.13990245   0.23914764   0.06280109   0.13622897  -0.13948936   0.17931982   0.13092803   0.31056471   0.16560097   0.31077780   0.39949907
 0.36826794  -0.00205446   0.30120121   0.06955735   0.17207321   0.16713867   0.26525922   0.37150309   0.22181899   0.42711434   0.36651207   0.38036178   0.31943306   0.34967349   0.27522694   0.15652587   0.33367304   0.36086181   0.32182386   0.34497834   0.24212322   0.35333822   0.29442365   0.39202471   0.29763896   0.24394410   0.28211475   0.39939194   0.30217881   0.21536784   0.34579376   0.07499812   0.12090648   0.19634020   0.36335713   0.19791290   0.24018501   0.27588078   0.42768248   0.42554637   0.34579208   0.17472509   0.35605889   0.38847281   0.42816138   0.39999964   0.22691288   0.25807139   0.21432040   0.21519273   0.14862160   0.03236466   0.06794031   0.01625752   0.13183776   0.17252612   0.31925868  -0.02147363   0.18477630   0.01696595   0.36032527   0.20649676   0.12314549   0.26995054   0.28559220   0.01666660   0.19347346   0.05858407   0.13350829   0.07453424   0.07490244   0.21465010   0.11639269   0.09171478  -0.06088338   0.04043632   0.04004607   0.08007270   0.00889334  -0.00435380   0.02194442   0.14322424   0.10388932  -0.05906417   0.08241850   0.16462111  -0.01409205   0.10511016   0.13424532   0.08849388   0.18418786   0.20319931   0.14933585  -0.02606345   0.09845991  -0.00114120   0.27838188   0.10002985   0.14866175   0.09505798   0.36171280   0.24622862   0.14906915   0.02049713   0.22223646   0.23922559   0.32781427   0.35601037   0.39074435   0.42245369   0.40421001   0.30743145   0.32195263   0.41781918   0.34905332   0.27986553   0.27117623   0.34605982   0.35499686   0.32276743   0.31173100   0.20187969   0.32658072   0.32457676   0.33813133   0.22625463   0.22778033   0.37863848   0.41938528   0.30178216   0.32197380   0.30316176   0.06019726   0.04681019   0.11447623   0.13496257   0.36874698   0.30549064   0.12171117   0.30899018   0.35849436   0.48790528   0.29371041   0.22893684   0.35661792   0.41504296   0.00000000   0.28769546   0.38189790   0.52477224   0.18580911   0.24631391   0.26571315   0.15776385   0.11608786   0.22948098  -0.03069957   0.17852371  -0.01696274   0.13438109   0.22055878   0.09593789   0.07610194   0.25042685   0.02786582   0.24024289   0.18712378   0.24225107   0.23261452   0.08939625   0.07130658   0.12894932   0.01198315   0.03890146   0.20333284   0.14938016   0.14527305   0.15920946   0.27030207   0.05609396   0.17854399   0.05553093   0.12590853   0.18282691   0.08229328   0.05471329  -0.00406572   0.09031348   0.13014074   0.22535292   0.20166033   0.15142439   0.12759598   0.01979832   0.28336275   0.16426148   0.20643599   0.15192658   0.31698427   0.33181606
 0.23839337  -0.00739538   0.21855147   0.03750633   0.11375253   0.11298376   0.17679988   0.28071478   0.15417815   0.25570837   0.26474249   0.26489838   0.23207983   0.25345006   0.20944475   0.12886922   0.22072003   0.22853882   0.21997593   0.21963708   0.16407456   0.22518163   0.20931980   0.23044272   0.16912595   0.17917552   0.20608877   0.27213840   0.20860082   0.14268320   0.25769247   0.00517892   0.07195294   0.11328993   0.21979731   0.14085081   0.16758474   0.17475192   0.27830269   0.24573164   0.20080455   0.10172669   0.18908248   0.27025894   0.25805330   0.25328215   0.14139905   0.19083854   0.06438702   0.13459060   0.13479342   0.03016172   0.06402707   0.02842787   0.12044348   0.10971811   0.19799782  -0.03520619   0.08287138  -0.00897251   0.20889921   0.11510981   0.06499957   0.12455547   0.16389682   0.01951586   0.14030978   0.08737247   0.11810998   0.07559293   0.04633203   0.12724000   0.06706342   0.05649942   0.03334145   0.06213094   0.12039411   0.10862761   0.03103143  -0.00581882   0.08287665   0.11962011   0.11570875   0.04216275   0.08815447   0.15329233   0.09872797   0.18900326   0.19750475   0.09685813   0.20312482   0.17369134   0.12519385   0.07563537   0.12637402   0.03958084   0.19015598   0.06183309   0.11018889   0.15053518   0.24681499   0.16602339   0.10447818   0.00849906   0.14267195   0.15546320   0.24290598   0.23229692   0.25099522   0.26263758   0.26808718   0.21395104   0.23897642   0.27754076   0.24805103   0.21913762   0.17173957   0.23674452   0.24796900   0.20426804   0.21628182   0.14651660   0.19785860   0.20977191   0.22858756   0.16008504   0.14860977   0.21739431   0.26531984   0.22473368   0.23793073   0.23838726   0.01982151   0.01188057   0.03509057   0.07592973   0.20796495   0.21603321   0.04817302   0.19478315   0.22616409   0.27817586   0.15025029   0.15867706   0.24419924   0.24173595   0.28769546   0.00000000   0.28492625   0.32009729   0.12183520   0.14295222   0.12783968   0.08946742   0.03444953   0.15426496  -0.02297716   0.13937495   0.02900234   0.15763261   0.16562653   0.10352782   0.05791480   0.15546739   0.01135510   0.09268678   0.11342729   0.11948040   0.16382922   0.08017623   0.09909329   0.06410496   0.05387948  -0.00444506   0.15362535   0.11182876   0.11908296   0.10494990   0.23122989   0.06252353   0.08051586   0.04603609   0.12325392   0.16219613   0.09356658   0.09605697   0.01801720   0.10193264   0.18004720   0.22327102   0.17267351   0.19871745   0.15605430   0.07602848   0.20049848   0.09032392   0.15019265   0.08695475   0.20549854   0.23637941
 0.35074777   0.11595098   0.34362781   0.16798474   0.29837218   0.25069437   0.22166905   0.33269086   0.18225333   0.37774909   0.31572032   0.42317292   0.25045985   0.27146610   0.20612481   0.07585893   0.32659955   0.33266203   0.28797428   0.30721028   0.16150031   0.28717630   0.19377656   0.27094058   0.27774055   0.13532899   0.15480133   0.28408063   0.27168435   0.27100797   0.40609545   0.12234799   0.19035972   0.27066353   0.29663142   0.17977718   0.27003338   0.37670711   0.43825540   0.42210729   0.30472404   0.13817904   0.32571326   0.43555980   0.34531363   0.33248849   0.35114162   0.40100619   0.13147206   0.25269717   0.11495454   0.06370229   0.09516565   0.05360330   0.12700470   0.14340462   0.34387038   0.04775148   0.23920884   0.09869065   0.44402763   0.19732957  -0.01776386   0.20530274   0.17189373   0.01480683   0.22074800   0.19255657   0.14899009   0.03626810   0.16519369   0.36460688   0.24731970   0.21399285   0.01171618   0.13018775   0.09016107   0.20082176   0.16177403   0.00747467   0.10301408   0.19459620   0.08388121  -0.02026316   0.05742761   0.11697485   0.05016734   0.12590149   0.18068560   0.05720015   0.19051049   0.16188470   0.16774166  -0.03990228   0.07386834   0.12055401   0.24491674   0.08252570   0.06755749   0.16228418   0.32322868   0.27680714   0.25634343   0.15312349   0.29494711   0.31820479   0.31326410   0.27051121   0.42116202   0.35418671   0.38765354   0.37022909   0.26384861   0.31330103   0.24517750   0.21672918   0.24587283   0.30833642   0.31694233   0.30422496   0.36734582   0.20475427   0.31166544   0.21252414   0.28133255   0.13333601   0.13031401   0.27840796   0.31124496   0.18919009   0.35033383   0.27330030   0.14787481   0.15818897   0.16556254   0.21474215   0.28767918   0.25317441   0.23787348   0.38011195   0.37950491   0.50743709   0.19772062   0.19758926   0.30045804   0.36505027   0.38189790   0.28492625   0.00000000   0.47943654   0.35550334   0.27277092   0.38011830   0.10791000   0.05997065   0.24464765   0.05300449   0.14561807   0.00468708   0.20955548   0.18028124   0.13767065   0.05202642   0.18373826   0.10935954   0.27994933   0.28531448   0.24635400   0.13951233   0.07199840   0.10852120   0.18897487   0.13575071   0.09395197   0.17434280   0.18618171   0.12585886   0.22871943   0.30194838   0.12709079   0.31526304   0.18437925   0.26843467   0.30605446   0.20909313   0.21974506   0.05805874   0.11329960   0.12198480   0.23361816   0.16511151   0.21168016   0.09705272   0.09845420   0.28059971   0.10535130   0.14524159   0.11242251   0.35061339   0.40018583
 0.52502548   0.22148777   0.49441127   0.35468896   0.39855000   0.46457701   0.30085234   0.51783836   0.26745166   0.54272756   0.51173065   0.70132710   0.42635614   0.59460053   0.45833496   0.28921889   0.60944397   0.61496945   0.62782052   0.60698410   0.24898444   0.40599842   0.35181496   0.48065411   0.32449684   0.29031230   0.41310013   0.59129340   0.40256684   0.45180201   0.60950763   0.27250970   0.38247752   0.40791246   0.49463682   0.38553874   0.43639787   0.59090861   0.64080571   0.44217774   0.34865943   0.16475955   0.35805029   0.57319944   0.51465440   0.64073389   0.22567125   0.42288087   0.15802718   0.22980652   0.21578911   0.08151581   0.10171754   0.11374691   0.21818923   0.20702181   0.51799963   0.09521539   0.28831580   0.02876828   0.56365201   0.27725092   0.17427452   0.26865030   0.43311139   0.01517183   0.38875317   0.14723175   0.32733814   0.18150360   0.19943515   0.35537602   0.31650489   0.15676832   0.03144930   0.21323614   0.16836983   0.18205720   0.18421636   0.01610638   0.15148775   0.15468235   0.19047798   0.01487082   0.12134018   0.29577531   0.02380943   0.24241097   0.35228124   0.15637553   0.42870968   0.23615103   0.30944788   0.05446119   0.16327556   0.14127869   0.38930827   0.09894147   0.19488666   0.22085695   0.52947795   0.53427440   0.40783031   0.29372801   0.49077738   0.58183728   0.49109222   0.45731956   0.56025318   0.55585067   0.61368421   0.65521046   0.58511675   0.63321855   0.45425687   0.54187301   0.52157712   0.70631771   0.69413227   0.60785736   0.66115118   0.51365780   0.65441208   0.35109106   0.39839653   0.25680460   0.23530119   0.46169234   0.55395551   0.46573857   0.56573391   0.51076649   0.27350671   0.29266745   0.29821494   0.43098731   0.45291673   0.46489844   0.32661536   0.63166812   0.58718366   0.55190390   0.42365900   0.22624875   0.41489605   0.45735018   0.52477224   0.32009729   0.47943654   0.00000000   0.27850548   0.35334784   0.44092561   0.12126729   0.04750930   0.25674136   0.02646707   0.20343104   0.03453082   0.24283618   0.27036235   0.17968053   0.09010243   0.28044092   0.17445219   0.34534620   0.32867794   0.30349969   0.28351634   0.08033981   0.14642606   0.33121376   0.10745713   0.11990637   0.33948634   0.32220620   0.28012300   0.31123216   0.51043958   0.20600205   0.42397942   0.27131671   0.24756935   0.24924469   0.28028049   0.18353039   0.00783831   0.11673150   0.29604696   0.35751498   0.31316321   0.40188767   0.18217821   0.12975826   0.41648745   0.15959944   0.31183042   0.28128038   0.53987111   0.38370791
 0.23285845   0.28090682   0.29833143   0.26447306   0.29103687   0.27936261   0.06935753   0.14378612   0.03817169   0.16471375   0.03133733   0.30925533   0.03385410   0.01926934  -0.04399287  -0.12077055   0.13810001   0.10199867   0.10701991   0.07073823   0.00891248   0.08749882  -0.01864843   0.06860465   0.26741629  -0.04705880  -0.08053530   0.03081881   0.08611125   0.21604484   0.21501094   0.20308599   0.12115724   0.37692708   0.13003944   0.08062650   0.07731608   0.34050559   0.20986599   0.27017822   0.16808766   0.08703145   0.35316040   0.33277655   0.18367339   0.12396973   0.63966014   0.54196019   0.10542883   0.20783862  -0.06740105   0.05527971   0.02563609   0.06185096   0.06177145   0.05838868   0.18560053   0.31392621   0.45700294   0.28859295   0.31706046   0.36068383  -0.09220462   0.25150156   0.03383487  -0.01920260   0.26567154   0.48861519   0.29722411   0.19305730   0.43988499   0.33189789   0.24309678   0.33901561  -0.08711885   0.09282990  -0.17996515   0.18228331   0.19013026  -0.12969475  -0.06051278   0.10786144  -0.08799007  -0.00050425  -0.04512284   0.05441430   0.15957241  -0.07635806   0.10625785   0.11369093   0.14533893   0.08279481   0.14654443   0.03389427   0.12283730   0.02421712  -0.05988681  -0.01642149  -0.05993857   0.03100230   0.13638057   0.16351434   0.28935455   0.26388600   0.17400979   0.27751884   0.16078346   0.13639376   0.30185496   0.11606984   0.14754093   0.24629675   0.11002749   0.06796473   0.00811112   0.01115353   0.12071684   0.09888837   0.11926554   0.10879084   0.20861327   0.05727889   0.15776341  -0.01850943   0.02807127  -0.04254970  -0.07725242   0.01000270   0.08574197  -0.08770086   0.17414664  -0.01936744   0.13008000   0.15062245   0.32766929   0.32904603   0.09480978   0.06053772   0.24719833   0.23282981   0.18692298   0.38054974   0.11143092   0.06563851   0.08034984   0.23556453   0.18580911   0.12183520   0.35550334   0.27850548   0.00000000   0.50428745   0.68663758   0.11217193   0.10117794   0.32008904   0.10133372   0.02628427  -0.16421121   0.12796492   0.03736412   0.11125242  -0.02615801   0.01578073   0.26852945   0.55055769   0.32705083   0.48213266  -0.08342655   0.03032136  -0.06046969   0.30255411   0.43927445   0.55082385   0.26116811   0.37607104   0.22751889   0.50208973   0.40881215   0.11326619   0.32354156   0.15053888   0.35885896   0.48936658   0.18703081   0.09557229   0.01294758   0.08825741  -0.12261994   0.17171325  -0.03430324   0.23580045   0.11082451  -0.06137924  -0.01134480  -0.01893576  -0.09045118   0.02584187   0.21128048   0.45044939
 0.30670940   0.31312019   0.35878530   0.27953997   0.35737814   0.30256229   0.17513730   0.20995831   0.09183367   0.26676794   0.10677620   0.31978444   0.10856596   0.17572137   0.08087697   0.01375562   0.22924342   0.21006371   0.26085183   0.19672960   0.05200411   0.14441805   0.08649109   0.11313623   0.22914317   0.04490013   0.04964428   0.16105866   0.35087988   0.29399670   0.30059198   0.34881456   0.30357293   0.48649322   0.30628743   0.16438397   0.11799907   0.38780826   0.30833845   0.38533313   0.17132440   0.07663350   0.30390519   0.33735097   0.18857710   0.21195934   0.59517028   0.37759808   0.11575243   0.13420519   0.14766032   0.04770370   0.05283262   0.06126086   0.13913275   0.06633970   0.26771523   0.32784460   0.54801176   0.24835187   0.28980983   0.58889753   0.25563800   0.47500827   0.32989806   0.00575272   0.46618226   0.42263850   0.43396344   0.47677923   0.26544696   0.28753849   0.27302587   0.17855614  -0.01517319   0.16395803  -0.06706355   0.10827555   0.14946732  -0.05634744  -0.01340296   0.04627094  -0.05672761  -0.01647455  -0.02939415   0.07510147  -0.05162981  -0.02225187   0.14091408   0.24863552   0.18141944   0.03881210   0.40343932   0.11619908   0.09964949   0.09049844   0.14029641   0.08069642  -0.01595351   0.05551931   0.21648549   0.23127567   0.34115143   0.30146484   0.24454578   0.30592070   0.19775805   0.20912540   0.34060183   0.20798061   0.19207910   0.27590601   0.21286140   0.19002513   0.10903219   0.14374135   0.24820291   0.23709090   0.24452119   0.28681551   0.29791971   0.20186519   0.26731282   0.08567677   0.12118470   0.05367203   0.02378902   0.09709600   0.18597119   0.06720709   0.33405086   0.11603160   0.29120473   0.25685925   0.40598417   0.42113860   0.26278882   0.16345650   0.27035947   0.29689798   0.30685332   0.41135185   0.30952265   0.15499900   0.13488727   0.22608323   0.24631391   0.14295222   0.27277092   0.35334784   0.50428745   0.00000000   0.47922663   0.06430649   0.06453624   0.22138540   0.07453787   0.14708119   0.00078511   0.06320466   0.10987606   0.12993441   0.03959422   0.16351880   0.34696166   0.57180824   0.34952917   0.56268016   0.24429161   0.04788308   0.00861372   0.45690791   0.21839757   0.42362838   0.46396897   0.47556504   0.51608801   0.43397686   0.35629128   0.16764544   0.30008918   0.17296888   0.22154802   0.31462279   0.19549636   0.08303250  -0.02166183   0.06695727   0.10148041   0.30095643   0.08508232   0.25843376   0.21339062   0.05359572   0.15647783   0.05962076   0.04328228   0.09490430   0.30459644   0.34825674
 0.29592471   0.46153939   0.39085491   0.45066074   0.44682057   0.43568337   0.08880903   0.19488967   0.06908880   0.24860285   0.10849401   0.45658312   0.05903340   0.08551650  -0.01685446  -0.11038554   0.25902668   0.23015706   0.25539474   0.20437507  -0.00655106   0.09540566  -0.03086323   0.05878662   0.22560206  -0.06226607  -0.08305456   0.08813017   0.11112766   0.34344462   0.35635312   0.36991527   0.34438116   0.54976412   0.13602940   0.17003108   0.19970464   0.58975421   0.34175082   0.21627779   0.14548668   0.04324652   0.27890810   0.42822779   0.23199530   0.21938550   0.52842595   0.75264603   0.15086523   0.22286464  -0.05268945   0.05711713   0.04832608   0.07093200   0.05294316   0.04122539   0.30362872   0.44034571   0.54521614   0.33859510   0.53692868   0.40894119  -0.06078243   0.23124825   0.19095907  -0.05528667   0.36016557   0.47255340   0.36427040   0.17570826   0.62523818   0.47669430   0.48937877   0.39038369  -0.03426237   0.28400089  -0.09671697   0.22431372   0.37527424  -0.13143273   0.06729932   0.12819354  -0.09343134  -0.03267958  -0.07605705   0.05805264   0.00605440  -0.01541255   0.23189648   0.13880244   0.26596437   0.02363607   0.20013099  -0.11053566   0.03722897   0.19541425   0.06589923  -0.02005007  -0.03724349   0.05347869   0.20199261   0.31297661   0.44890348   0.45766338   0.33802418   0.46674172   0.23443661   0.19785720   0.40771194   0.19270145   0.26713918   0.42723148   0.16305161   0.13973275   0.02534517   0.08034613   0.24919900   0.23439730   0.23733251   0.27606413   0.39627491   0.21959144   0.31455835  -0.01248352   0.06947556  -0.06592866  -0.11750755   0.01719680   0.09013964  -0.05139841   0.31631568   0.04860405   0.31138808   0.39833678   0.45978193   0.55296566   0.09096725   0.13262873   0.48441498   0.44258751   0.34262183   0.33033546   0.18618855   0.04776070   0.07669514   0.22242056   0.26571315   0.12783968   0.38011830   0.44092561   0.68663758   0.47922663   0.00000000   0.09643190   0.06672820   0.35780159   0.10521663  -0.02558820  -0.17537460   0.23007880   0.06412670   0.10349660  -0.02230518   0.00999334   0.41598427   0.58172624   0.52527487   0.38359071  -0.05753416   0.05176050  -0.02145723   0.44583978   0.39771686   0.53998961   0.34084645   0.45549876   0.26202267   0.67741389   0.47875116   0.24333128   0.55144203   0.36239448   0.43138071   0.38083829   0.42683068   0.20863078   0.00876874   0.08965669  -0.02468058   0.15639244   0.03590814   0.34756518   0.00420476   0.01215727   0.09794488  -0.00504994  -0.02358902   0.10769009   0.30402371   0.36348210
 0.10305922  -0.04322744   0.08527300  -0.01510671  -0.01377092   0.01692739   0.06676265   0.12668231   0.08089899   0.12977934   0.10030289   0.07820495   0.09832888   0.07491985   0.08316401   0.05441729   0.05301674   0.08324150   0.06755736   0.04032620   0.11173940   0.13232409   0.10742596   0.14556944   0.10736813   0.10128379   0.08857466   0.10212377   0.04140708   0.02202867   0.04469140  -0.05217939  -0.04026740  -0.01079911   0.06881927   0.06902049   0.04300560   0.02071501   0.06940097   0.08107834   0.15310020   0.09829535   0.14712792   0.10423264   0.10540005   0.08123574   0.06437147   0.06965610   0.15291100   0.11565643   0.04724692   0.03961041   0.02489343   0.00905840   0.05137589   0.09728190   0.01294927  -0.02476748   0.01175937  -0.02487693   0.05710164  -0.01207660  -0.00670540   0.06302041  -0.00776748   0.00294523   0.00490286   0.04936972  -0.00978416  -0.01468388   0.04561882   0.04479716  -0.00509502   0.02324178  -0.01964513  -0.01961769   0.00597887   0.05234419  -0.00520638   0.03114672   0.01409574   0.12123228   0.03349052  -0.01547336   0.08028225   0.07211717   0.07161823   0.08237042   0.06534118   0.10563413   0.07087233   0.21422933   0.00495858   0.02418610   0.11842576  -0.01346574   0.08555495   0.02374923   0.05525338   0.06441597   0.07004695   0.04949982   0.03709877  -0.03597773   0.02410936   0.02994117   0.10197552   0.10889275   0.09697763   0.10662488   0.09580043   0.06121367   0.08043145   0.08574427   0.10771151   0.07558493   0.01571252   0.07253700   0.07276226   0.03774824   0.05950487   0.04567794   0.07740447   0.12964264   0.11800800   0.10271118   0.11721877   0.11245549   0.13802458   0.08845717   0.04093339   0.06566278  -0.05318506  -0.02647255  -0.00707750   0.00179271   0.06531872   0.07216525   0.01259153   0.02520005   0.05530245   0.12013413   0.06831750   0.12215389   0.12820868   0.18661349   0.15776385   0.08946742   0.10791000   0.12126729   0.11217193   0.06430649   0.09643190   0.00000000   0.10571462   0.15360658   0.01656773   0.14728588   0.00747490   0.09251159   0.06244491   0.03599820   0.01043469   0.04466202   0.00415097   0.04496983   0.01265237   0.11468278   0.07976646   0.03340473   0.05841127   0.00909168   0.07993394   0.05297708   0.07994123   0.08053975   0.03693128   0.07823106   0.13679317   0.05023684   0.00053102  -0.00088995   0.06581457   0.14709849   0.01420774   0.01911715   0.03513773   0.03648778   0.07330692   0.09506101   0.08877435   0.08263852   0.16723008   0.00667989   0.04864542   0.05537636   0.05442962   0.03353761   0.05560946   0.14532766
 0.03988918  -0.07810786   0.03539515  -0.03740577  -0.00659727  -0.01259059   0.00563390   0.04171065   0.03901288   0.06689458   0.04695087   0.03099303   0.04055533  -0.01411401  -0.01567611  -0.01863760   0.00510922   0.02634153  -0.02207115   0.01083194   0.11540747   0.12851110   0.07396644   0.11213557   0.15744667   0.05641438   0.04019017   0.04411266   0.01165219  -0.00893262  -0.02097358  -0.01903795  -0.07069526  -0.01871043   0.05366627  -0.00678753   0.01483443  -0.02424332   0.04061561   0.13279829   0.15470554   0.08944825   0.14411010   0.03120035   0.10139016   0.05735804   0.09000919   0.02763550   0.13034959   0.06011083  -0.02091283  -0.00402561  -0.02139388  -0.03679684  -0.02070455   0.08451428   0.05161973  -0.04676623   0.03301869   0.01707373   0.05181246   0.02550370  -0.01477531   0.06601767  -0.00740184  -0.01780170  -0.03558407  -0.04500850  -0.06517004  -0.06966786   0.00320344  -0.00411473  -0.04907910   0.01641489  -0.13410344  -0.08688070  -0.11587866  -0.05215563  -0.07950831  -0.05217825  -0.10851515   0.00085329   0.01078519  -0.08696491   0.06096089  -0.00994722  -0.07007351  -0.12664109  -0.11108077   0.01026737  -0.10581381   0.06082884  -0.04891677  -0.09170124  -0.01332393  -0.09474448  -0.03747395   0.00809632   0.07898588  -0.09453490   0.05620190  -0.00851074  -0.04982743  -0.07480207  -0.01499556  -0.02294949   0.04015593   0.05591330   0.03963906   0.04442606   0.05846303  -0.00184341  -0.00738188   0.04615847   0.03274478  -0.01876404  -0.00060447  -0.01269014  -0.01726446  -0.01702017  -0.02405546  -0.06008196  -0.02958429   0.10430346   0.07328237   0.04861732   0.08239890   0.09060869   0.08780128   0.02404382   0.01498403  -0.02906721  -0.06069146  -0.07807017  -0.00835827  -0.06834212   0.04982793   0.00075498  -0.04739669  -0.02058545   0.02992700   0.15822941   0.02838212   0.07122182   0.09401093   0.17698898   0.11608786   0.03444953   0.05997065   0.04750930   0.10117794   0.06453624   0.06672820   0.10571462   0.00000000   0.08331812  -0.00931920   0.05720776  -0.06570662  -0.06542334  -0.01782929  -0.02571001  -0.01264903   0.01655787  -0.07412388   0.03396121  -0.01626499   0.09588971   0.03568629   0.02053774  -0.07590491  -0.04508933  -0.06078655   0.00140333  -0.04883365  -0.05555227  -0.03347053   0.00322222  -0.03808700  -0.09345748  -0.02821995  -0.08345293  -0.03429644   0.00151567  -0.09943125  -0.09241835   0.02891544   0.01609900  -0.11845390  -0.01787244   0.01343588  -0.10651285   0.00039038  -0.11478008  -0.02455205   0.03262668   0.03501639   0.03724316   0.04042204   0.10472409
 0.14423409   0.11118249   0.25602614   0.07186045   0.10778875   0.08313455   0.09313441   0.16729178   0.11225868   0.22853672   0.12608777   0.21153571   0.13088838   0.12427637   0.09626288   0.03879431   0.15616240   0.16518394   0.16940559   0.14244757   0.07726148   0.16319734   0.10202022   0.09096355   0.09897496   0.03392840   0.04767045   0.11152182   0.10619711   0.09473608   0.17939655   0.05662153   0.12398450   0.18894794   0.09569214   0.12494571   0.08451670   0.19665262   0.17698837   0.12318957   0.15859914   0.03272665   0.21643806   0.25005945   0.23065096   0.18037701   0.26723724   0.36624975   0.15410904   0.24570634   0.13690205   0.08340596   0.05102623   0.07112859   0.08824352   0.06664322   0.07430961   0.20923849   0.26602048   0.12698951   0.28590395   0.28092007   0.07030405   0.16499352   0.10561099   0.03005281   0.25603900   0.30238935   0.23589070   0.12908644   0.27462906   0.29860585   0.17535442   0.20366719   0.13047298   0.23926727   0.08593075   0.19619113   0.20218487   0.04884171   0.17170907   0.22262509  -0.02044788   0.08392419   0.00972989   0.08227141   0.05358344   0.15370678   0.22525321   0.19842168   0.22001877   0.14983959   0.17532021  -0.01492390   0.10122516   0.14740036   0.19728918   0.03884073   0.02878958   0.15204072   0.10848646   0.10743971   0.20647322   0.10822878   0.08647429   0.15260355   0.16421440   0.18914069   0.26971878   0.17807351   0.15700353   0.17698182   0.16389158   0.11998649   0.09737583   0.14722607   0.08250453   0.19439508   0.17669800   0.15132730   0.20657124   0.12476917   0.19098211   0.12363108   0.12945764   0.07179687   0.03577264   0.07016607   0.12900177   0.06804988   0.14123989   0.12408242   0.04959282   0.10688441   0.10749101   0.16491344   0.06172357   0.09778152   0.16462022   0.13986520   0.12417672   0.14504192   0.09663196   0.12757030   0.11298072   0.16390237   0.22948098   0.15426496   0.24464765   0.25674136   0.32008904   0.22138540   0.35780159   0.15360658   0.08331812   0.00000000   0.01823012   0.08543883   0.04191892   0.20389070   0.09247681   0.07290983   0.02016055   0.05139058   0.22563464   0.23066277   0.24918217   0.20781646   0.02967023   0.12188515   0.05979914   0.22870133   0.26139905   0.28704071   0.19960079   0.24951681   0.20309749   0.28425458   0.28239540   0.21786650   0.20602051   0.18168863   0.23174207   0.27478401   0.24934843   0.21559395   0.09729569   0.12422942   0.10354385   0.14431489   0.08034604   0.20682968   0.08102065   0.14029094   0.17969747   0.07824319   0.01876511   0.03466697   0.16636549   0.20223531
 0.02002611   0.10628454   0.07276523   0.13190661   0.08237527   0.10696622  -0.02329767   0.01419149  -0.04974589   0.00102280  -0.03931964   0.05834570  -0.04527594  -0.04090865  -0.05009331  -0.06266340   0.03254886   0.01853312  -0.02957775   0.02081960  -0.03732288  -0.02682726  -0.05790416  -0.04333144   0.04130212  -0.04170475  -0.05938059  -0.02439199  -0.03365150   0.08617449   0.03579508   0.08016954   0.05711507   0.05361758  -0.03673298  -0.00297800   0.01914606   0.07498708   0.03934129  -0.01614029  -0.01270688  -0.03042940   0.01059458   0.04120535  -0.00254410  -0.00391300   0.03504865   0.06062041  -0.01317913   0.03750865  -0.04010208   0.03599889   0.03772298   0.04958027   0.00742395  -0.00064015   0.02430573   0.07836785   0.02104084   0.07394542   0.03623653  -0.00605959  -0.05184175  -0.03469715  -0.00738085  -0.01319649   0.03430466   0.03575513   0.02635333   0.00396567   0.08632409   0.04495526   0.05845076   0.06452246   0.00863267   0.01682488  -0.01783947   0.02235572   0.05171733  -0.02158258   0.02206365   0.03229610  -0.00281046   0.03178686  -0.02234750   0.01929475   0.05400384  -0.03039537   0.00162152  -0.00363749   0.03309589  -0.00358510   0.01236755   0.02366878   0.02241559   0.02289204  -0.05378605  -0.01432038  -0.02638741   0.02638914  -0.01629824   0.04424476   0.09596916   0.12360787   0.09108600   0.09896432   0.01653877  -0.02103438   0.05248887  -0.02976758  -0.00146510   0.07742457  -0.02168796  -0.02715089  -0.04015260  -0.04050871   0.01629091   0.00803292   0.02468394   0.02697531   0.03992912   0.01841929   0.02298447  -0.03258378  -0.02306895  -0.07368280  -0.07069127  -0.02860232  -0.03260060  -0.04974211  -0.00303679  -0.03430577   0.06659771   0.05853133   0.07747483   0.08388523  -0.04120752   0.01509379   0.04988273   0.07304528   0.03631923   0.02016688  -0.00933321  -0.04515108  -0.06034794  -0.02579590  -0.03069957  -0.02297716   0.05300449   0.02646707   0.10133372   0.07453787   0.10521663   0.01656773  -0.00931920   0.01823012   0.00000000   0.04021754   0.05726304   0.05970053  -0.01306123   0.03433203  -0.00242488  -0.05293164   0.05162346   0.05180679   0.02702815   0.06176678  -0.04189706  -0.01455374  -0.01529163   0.06995715   0.07880361   0.09096493   0.00866980   0.04252511   0.06572106   0.08955523   0.04394125   0.03631261   0.09345480   0.03630411   0.07079870   0.06612562   0.04747082   0.04481771   0.01525169   0.00358757  -0.01303959   0.03909520  -0.01912482   0.04653631   0.02201937  -0.00873687  -0.05134852  -0.05237516  -0.06858827  -0.02343421   0.03340526   0.02114926
 0.13813603  -0.07681919   0.11753582  -0.04214775   0.03910560   0.01996668   0.17006698   0.18349937   0.11918042   0.18168380   0.17923962   0.11964854   0.14864778   0.19594144   0.16120232   0.13668061   0.11110727   0.13812167   0.17260929   0.12922905   0.16491035   0.18800128   0.19302601   0.21317881   0.14858918   0.18044546   0.23417899   0.19762964   0.25537575   0.07574117   0.16470543  -0.00141644   0.04967266   0.03911913   0.22411073   0.09029458   0.09888492   0.07225775   0.18167774   0.22268222   0.22767598   0.14257488   0.19171463   0.16173925   0.16469622   0.17716441   0.06921104   0.03542150   0.07464943   0.13735043   0.17619027   0.07595412   0.05805592   0.04619360   0.16602953   0.12762933   0.13479102  -0.09895075   0.00908751  -0.09674085   0.09352629   0.05877460   0.12437872   0.14527144   0.15045491   0.03397616   0.07054844   0.00869850   0.02850425   0.03391582  -0.11223977   0.05482662   0.04348416  -0.02011668   0.04327143   0.01281772   0.16005692   0.10016583   0.00681792   0.08194854   0.09034156   0.11180956   0.14731732   0.03113105   0.15116908   0.16166774   0.08922251   0.22996339   0.15873034   0.08055711   0.14230636   0.23408959   0.14259503   0.11251485   0.13176220   0.03346321   0.21762899   0.11327487   0.11167439   0.14634168   0.18507158   0.09099887   0.05589098  -0.05361070   0.07930049   0.05258872   0.11026926   0.15583193   0.10822065   0.17008760   0.16164228   0.10252684   0.18286381   0.18984568   0.17390615   0.17569796   0.11206493   0.16690943   0.14076602   0.14603279   0.13824567   0.12465732   0.12204838   0.19018847   0.17327259   0.16542633   0.17684819   0.20978665   0.24484704   0.22321979   0.18376614   0.22190101   0.03185264   0.01632194  -0.00463020   0.01503062   0.23164324   0.16339560   0.03677763   0.08246816   0.11433175   0.23377734   0.14184877   0.16894813   0.19292806   0.23456783   0.17852371   0.13937495   0.14561807   0.20343104   0.02628427   0.14708119  -0.02558820   0.14728588   0.05720776   0.08543883   0.04021754   0.00000000   0.15040734   0.16340886   0.18012474   0.10320468   0.12843930   0.18152714  -0.03255277   0.01978167   0.02048329   0.14045909   0.28032620   0.05799384   0.14188550   0.01164322  -0.02434669  -0.07636688   0.12286485   0.07319834   0.15410359  -0.03688222   0.18328297   0.05081032   0.01352372   0.02916130   0.02610425   0.14083801   0.03665429   0.09728468   0.06476812   0.05056197   0.27477371   0.17002014   0.23427429   0.16624551   0.23364486   0.10667533   0.20384448   0.12542346   0.17748656   0.08343894   0.15408736   0.20869356
-0.00833927  -0.00068757   0.09740564  -0.03763129   0.00823631  -0.04125963   0.08577863   0.04507897   0.07957351   0.07519233   0.09588665   0.03793683   0.05599736   0.13129959   0.15771950   0.15482486   0.06666332   0.08592362   0.14008525   0.11485040   0.00020575   0.02114664   0.04351927  -0.01368944  -0.13677795   0.07099884   0.09784215   0.06419008   0.14104633   0.00068031   0.11791665   0.00996183   0.16466481   0.02008195   0.01754622   0.05419008   0.00389115   0.02443273  -0.00286217  -0.06483719  -0.01655319  -0.03171184  -0.10424782   0.02298533   0.00574913   0.03948947  -0.12798414  -0.03579684  -0.06551232   0.01415698   0.24838880   0.06058489   0.04133985   0.12638895   0.12070211   0.00641094  -0.04027854   0.05236648  -0.01949216  -0.07588972   0.00739260   0.04827827   0.14510852  -0.01461715   0.11910430   0.08331235   0.17835489   0.11211063   0.13422145   0.13911669  -0.08524238   0.11720945   0.09497911  -0.01782096   0.37356668   0.29283293   0.40053000   0.15100468   0.19287612   0.23922434   0.34040426   0.14631995   0.08234177   0.22342398   0.04325035   0.07628017   0.10010158   0.34266595   0.26244235   0.13064232   0.21007804   0.06007704   0.14206562   0.14332875   0.05192871   0.28722536   0.29483003   0.12166254   0.01963947   0.33952571   0.02039981   0.01701288   0.11558709   0.00325190   0.02605851   0.02289378   0.05609098   0.06116872   0.06217695   0.03554051   0.03744447   0.05131593   0.14222677   0.04827209   0.08403015   0.16835808   0.04054848   0.17671117   0.13329556   0.11272645   0.09982789   0.17277858   0.11688509   0.05677605   0.03205873   0.07857183   0.03262405   0.02155608   0.05937578   0.13943978   0.08222087   0.24663347   0.05949669   0.12838890  -0.04126565   0.05776266   0.02178153   0.09335045   0.05677070   0.03048881   0.02020293  -0.09417081   0.02714508   0.00577992  -0.00442933  -0.07740185  -0.01696274   0.02900234   0.00468708   0.03453082  -0.16421121   0.00078511  -0.17537460   0.00747490  -0.06570662   0.04191892   0.05726304   0.15040734   0.00000000   0.26342837   0.11444789   0.09676449   0.06531999   0.05169024   0.17580289  -0.08051348   0.07256298  -0.00693282   0.17466769   0.03864272   0.27290688   0.12104650   0.09183379   0.00506004   0.14315935   0.13400408   0.24378071  -0.08024749   0.09613011   0.30257029   0.03678120   0.21664446   0.01627428   0.10645183   0.24557403   0.28711728   0.10652995   0.04411000   0.40808310   0.16932120   0.11791433   0.21723859   0.12412881   0.39290905   0.23451752   0.09195703   0.07499205   0.03697716   0.02991562  -0.05648416
 0.12242296   0.20295769   0.27530524   0.15887708   0.15642222   0.13385344   0.11315539   0.15488802   0.09786662   0.21362706   0.21429073   0.28471478   0.10170441   0.17284475   0.16327850   0.09915789   0.17159140   0.21271763   0.29085776   0.19808344   0.00604713   0.05617597   0.05485467   0.05704673  -0.07481452   0.03227532   0.07049089   0.11687749   0.15241987   0.15228078   0.29628075   0.06349874   0.28389508   0.22407582   0.05262926   0.13456271   0.10233599   0.30781225   0.17807974  -0.01382980   0.04080223  -0.04084326   0.01275706   0.24327843   0.10367228   0.19250669  -0.01523842   0.34027274  -0.05393644   0.14755613   0.17420162   0.17604759   0.06019509   0.18545722   0.15046008   0.00869124   0.07730313   0.17893274   0.06050698  -0.00262566   0.25760035   0.06572498  -0.01540135  -0.05308585   0.13502361   0.03980560   0.22504181   0.30282012   0.28043713   0.09149756   0.29069791   0.38764610   0.35600684   0.22978009   0.49179284   0.43730134   0.53348638   0.32953406   0.47806375   0.15671121   0.54359798   0.30004781   0.10468130   0.28840721   0.04074059   0.22667988   0.37573371   0.53250137   0.56172494   0.19793519   0.46784108   0.17764580   0.12279183   0.14220366   0.14271997   0.43826317   0.32825708   0.08417104  -0.01308306   0.52366549   0.13293275   0.16583219   0.32467251   0.21793624   0.19349571   0.23775606   0.19228084   0.16104909   0.23375764   0.16905372   0.21848624   0.25904442   0.20774576   0.12034187   0.10336083   0.20201875   0.13943835   0.27596757   0.23550163   0.22350833   0.32958746   0.27983289   0.25298293   0.06134461   0.09988850   0.03674344  -0.01805986   0.07088848   0.13313452   0.11159508   0.26282785   0.35921619   0.15629153   0.31857805   0.09370481   0.32482006   0.07634081   0.20449926   0.35298736   0.25918687   0.13608535   0.03599922   0.03432422   0.03725683   0.05092345   0.04390015   0.13438109   0.15763261   0.20955548   0.24283618   0.12796492   0.06320466   0.23007880   0.09251159  -0.06542334   0.20389070   0.05970053   0.16340886   0.26342837   0.00000000   0.17633490   0.21476909   0.07339189   0.06151179   0.36634893   0.09733396   0.27680251   0.01799439   0.09282159   0.07186123   0.40558744   0.25347794   0.48790768   0.16403625   0.32044648   0.38621346   0.32415026   0.38601048   0.46878797   0.52136692   0.32776077   0.45846715   0.34951904   0.44025561   0.56410032   0.55528073   0.13768871   0.07835119   0.56371725   0.36436805   0.17867511   0.61104768   0.22195874   0.52580454   0.30011053   0.07889550   0.10797517   0.06089676   0.16110130   0.20227331
 0.22836048   0.00481836   0.20041623   0.04387525   0.08887444   0.10000866   0.18419380   0.24691420   0.13943218   0.23235922   0.24390788   0.23978995   0.17414649   0.25686780   0.21069849   0.16411358   0.19687994   0.19733796   0.25779796   0.20221802   0.14857271   0.20452437   0.22299502   0.24516591   0.13440706   0.22608989   0.22978893   0.25115899   0.25524039   0.14913457   0.22682016   0.02100618   0.07744130   0.10177464   0.24827728   0.14066229   0.15728779   0.14369625   0.22224799   0.20306920   0.23163822   0.10754089   0.15068035   0.23910854   0.18640532   0.22503912   0.08108993   0.10348369   0.05311869   0.10660551   0.16634202   0.07287115   0.09065664   0.06023412   0.18365763   0.13344850   0.18058287  -0.01316977   0.07219494  -0.04753940   0.16088152   0.09637905   0.10115639   0.14247200   0.18955346   0.01837130   0.13390916   0.07294650   0.12514644   0.09419532   0.01411204   0.09115573   0.04951692   0.04305641   0.08420002   0.08797161   0.16447021   0.12675840   0.04079832   0.06769404   0.12969167   0.13502413   0.18826789   0.06714193   0.16341497   0.19468089   0.11084033   0.23525049   0.23737542   0.09614068   0.22356589   0.20270429   0.16394942   0.11228013   0.15843881   0.04244911   0.19071759   0.08488973   0.15933547   0.18731976   0.25166211   0.17055841   0.11753355   0.01816358   0.14344566   0.15211394   0.20183993   0.18919487   0.19316015   0.21734377   0.23228650   0.16947072   0.25086603   0.25151502   0.22279807   0.22700874   0.20429995   0.25005868   0.21682690   0.22008320   0.20295705   0.19091979   0.20423762   0.20882172   0.21115348   0.18256173   0.16465898   0.22266348   0.27580122   0.24542747   0.25260504   0.26531817   0.03750668   0.03087388   0.05751891   0.09039326   0.22683510   0.22263274   0.04725105   0.17657683   0.15791274   0.21399647   0.18332847   0.17111641   0.22105636   0.19458266   0.22055878   0.16562653   0.18028124   0.27036235   0.03736412   0.10987606   0.06412670   0.06244491  -0.01782929   0.09247681  -0.01306123   0.18012474   0.11444789   0.17633490   0.00000000   0.12453835   0.10268976   0.22007612   0.04061727   0.09168627   0.07760125   0.10469454   0.20205181   0.07277581   0.15865811   0.06977331   0.05814863   0.00231615   0.17162830   0.13694432   0.16664027   0.07124592   0.23665730   0.11034822   0.05824918   0.07766339   0.08871887   0.15265586   0.11297053   0.10989825   0.05727760   0.05569270   0.23370316   0.21861967   0.27650488   0.20745101   0.18929737   0.10899436   0.18170195   0.13035031   0.20769349   0.12707533   0.18744498   0.17782464
 0.15397643   0.11785764   0.17582130   0.11789637   0.13871929   0.12828962   0.09385881   0.13433388   0.05856200   0.13870000   0.13108037   0.17697527   0.10242153   0.17079442   0.13549689   0.09510063   0.14576452   0.14842484   0.17294285   0.15304181   0.03875004   0.06570731   0.08386000   0.07674637   0.06192130   0.04958311   0.08582839   0.12479115   0.15397600   0.18430539   0.18511147   0.08996154   0.14131457   0.14443982   0.14728841   0.12470498   0.12685596   0.16541984   0.16971647   0.06924127   0.07869591   0.02621762   0.04640534   0.16512286   0.08046299   0.14247184   0.05678268   0.11926504  -0.04773565   0.07832553   0.07229227   0.07852942   0.05004649   0.10422234   0.11491045   0.03938512   0.14455350   0.07106199   0.08459441   0.00886134   0.11447210   0.04362232   0.01822691   0.06316855   0.09598820   0.01308930   0.15480427   0.15152225   0.15265534   0.11037878   0.07362983   0.12933563   0.11476183   0.08870269   0.13479376   0.10916478   0.15182431   0.13193119   0.12315930   0.05985538   0.13764695   0.09113664   0.11944364   0.13115159   0.03603275   0.14401705   0.19889820   0.20997985   0.23771003   0.11676923   0.23552168   0.12217730   0.09921132   0.18246647   0.11751483   0.12697827   0.12168202   0.04866704   0.01988296   0.22965888   0.13099161   0.16138012   0.18002462   0.12436355   0.15731993   0.15451473   0.16095403   0.11669023   0.15207437   0.11813553   0.13808076   0.15847710   0.18178998   0.11663477   0.08631385   0.15589352   0.15319343   0.18263955   0.17954806   0.16954962   0.16678696   0.16768622   0.17450458   0.05489176   0.09678970   0.05116551   0.02765960   0.06940341   0.12409504   0.09965243   0.18942315   0.21836672   0.10905612   0.12698156   0.11883966   0.18176330   0.14016537   0.13302189   0.12832089   0.15537481   0.13758356   0.10558954   0.11034113   0.07307789   0.08401755   0.05914494   0.09593789   0.10352782   0.13767065   0.17968053   0.11125242   0.12993441   0.10349660   0.03599820  -0.02571001   0.07290983   0.03433203   0.10320468   0.09676449   0.21476909   0.12453835   0.00000000   0.06307547   0.10135793   0.13822545   0.10962944   0.10519136   0.11623348   0.11089482   0.01648890   0.22135484   0.14880511   0.21221582   0.09788327   0.18748255   0.21774850   0.20326823   0.15410321   0.25751898   0.17634268   0.12376483   0.13834476   0.11402350   0.24460173   0.17933905   0.15907618   0.05075675   0.03648802   0.23162935   0.24835759   0.14904495   0.28169003   0.21160392   0.18696793   0.12669452   0.05933052   0.09013843   0.11658880   0.15373800   0.14785740
 0.07429003  -0.04294175   0.08440945  -0.04294774   0.02649551  -0.00948226   0.11339908   0.10096622   0.08602947   0.09575147   0.09223594   0.07133822   0.07535472   0.10679438   0.10242904   0.08130798   0.06299040   0.08255641   0.12041753   0.09030713   0.07954851   0.09683228   0.10332852   0.11646451   0.03124067   0.09118188   0.11846726   0.11063341   0.15462691   0.03309239   0.10481978   0.01446760   0.04616361   0.04337363   0.12116068   0.06508409   0.03490201   0.03520436   0.07973416   0.10505394   0.10655225   0.06371618   0.06128134   0.08288097   0.06403380   0.08106939   0.03205041   0.04016066   0.02635922   0.06482738   0.09407373   0.03520654   0.05588517   0.04773456   0.10005141   0.02405370   0.06605836  -0.03596549   0.04899807  -0.00898127   0.06423950   0.06440957   0.07854071   0.09246373   0.08077564   0.04694994   0.06892826   0.02479951   0.04420395   0.03795540  -0.03034931   0.06358484   0.03616775   0.00408067   0.04558407   0.03826952   0.11480138   0.02807020   0.01492074   0.04758356   0.05701616   0.05822296   0.08633479   0.03897305   0.06765545   0.06822515   0.03284957   0.09610885   0.08272348   0.03000282   0.07148484   0.07989398   0.06869367   0.03486261   0.02906472   0.04298186   0.13823398   0.07966099   0.07320517   0.09902474   0.12399665   0.04205564   0.02766524  -0.03427524   0.03513177   0.02555040   0.05765286   0.11399062   0.06368980   0.07975613   0.08726373   0.04150935   0.08974789   0.09746038   0.08522622   0.08804027   0.07952069   0.09067893   0.08442132   0.08321243   0.05969322   0.06983018   0.05895093   0.10425153   0.08993422   0.04723014   0.07041410   0.11097238   0.09360478   0.12495699   0.10026221   0.13716615   0.03465194   0.01381447  -0.00160064   0.00317480   0.13280100   0.08111632   0.02484696   0.04133827   0.05622879   0.07883411   0.08365359   0.07693080   0.10437088   0.07385945   0.07610194   0.05791480   0.05202642   0.09010243  -0.02615801   0.03959422  -0.02230518   0.01043469  -0.01264903   0.02016055  -0.00242488   0.12843930   0.06531999   0.07339189   0.10268976   0.06307547   0.00000000   0.11609040   0.00289998   0.01456812   0.04405232   0.03588507   0.12838139   0.02131384   0.08875638   0.01892767  -0.01432618  -0.02995550   0.05934876   0.03009075   0.05737002  -0.02283841   0.06755842   0.05474701   0.02233688   0.03857507   0.00116874   0.06645453   0.03509671   0.07549874   0.01056052   0.01154829   0.11017558   0.08984717   0.11953608   0.08084437   0.05291036   0.08439774   0.15801386   0.11002450   0.10415976   0.05937211   0.07630994   0.09292815
 0.30250264  -0.04003378   0.17250283   0.03337421   0.11290225   0.12678638   0.27531130   0.27617279   0.18621183   0.26534076   0.30157146   0.24232878   0.23917244   0.32281474   0.27135416   0.22390448   0.20089951   0.21802534   0.26326349   0.23746068   0.23040788   0.29733666   0.28826759   0.33033806   0.20461094   0.25721552   0.29452257   0.31949973   0.36106134   0.20740595   0.23910748   0.05732184   0.07448817   0.11085000   0.33255515   0.18606670   0.14619389   0.10879369   0.25725920   0.30336326   0.23412235   0.12413590   0.18921817   0.20670799   0.23105933   0.23172668   0.10919740   0.04633540   0.10248431   0.10848484   0.17159570   0.03139431   0.06764694   0.02168141   0.16937258   0.14668610   0.25805024  -0.11121138   0.11077604  -0.04852614   0.13995918   0.12566517   0.16112641   0.20862307   0.22300079   0.02830284   0.09584381  -0.00560490   0.05858875   0.08382495  -0.06323977   0.04437555   0.00427089  -0.03544300  -0.04819908  -0.01941283   0.08659199   0.01941552  -0.06467093   0.03424357   0.01513616   0.08530189   0.14591298  -0.00016281   0.15569837   0.17681847  -0.01322147   0.12385619   0.10300352   0.03720563   0.10291558   0.15186730   0.14640712   0.05927785   0.11574941  -0.06069499   0.21587788   0.11877018   0.21052371   0.07087159   0.36804083   0.25996692   0.04587927  -0.00640453   0.19674754   0.14232790   0.21124601   0.23012016   0.17428808   0.28127473   0.29077859   0.17795051   0.27762286   0.32010796   0.25309523   0.26218136   0.25819522   0.24535423   0.24888815   0.20031787   0.17792358   0.17936368   0.20852255   0.27626281   0.30894412   0.20480576   0.23576441   0.28213580   0.32126814   0.28796755   0.32731174   0.32614964   0.06498081  -0.00856312   0.08136497   0.05794144   0.33945021   0.23637525   0.00600957   0.15587523   0.21989590   0.29982651   0.24433250   0.17971716   0.27235063   0.26822471   0.25042685   0.15546739   0.18373826   0.28044092   0.01578073   0.16351880   0.00999334   0.04466202   0.01655787   0.05139058  -0.05293164   0.18152714   0.05169024   0.06151179   0.22007612   0.10135793   0.11609040   0.00000000  -0.03940986   0.10555514   0.05258073   0.13538289   0.29862359   0.05175791   0.09716668   0.03117252  -0.06476922  -0.06285362   0.14624702   0.06473859   0.12539088   0.00086314   0.13718928   0.01853646   0.02781397  -0.00438971   0.01762266   0.08956098   0.00283964   0.03500975   0.00688023   0.02737565   0.16722477   0.17683799   0.24114592   0.07818548   0.12823495   0.01541011   0.23814540   0.19778132   0.29709387   0.16941843   0.25805749   0.23311583
 0.03622529   0.45575044   0.33049944   0.28871611   0.26290834   0.19871420   0.02965634   0.01774650   0.03563802   0.13623554  -0.03996285   0.21238756  -0.03296072   0.02848101  -0.01634372  -0.02866189   0.12092767   0.14325187   0.25915531   0.12449696  -0.18910977  -0.12741308  -0.12927831  -0.18956020  -0.21552244  -0.17540616  -0.11950596  -0.09071827   0.16210440   0.13768362   0.23005694   0.40825763   0.58928299   0.58603535  -0.05791408   0.11973913   0.01041186   0.48625335   0.07470886  -0.12761647  -0.13131600  -0.15815588  -0.09776011   0.19170971   0.00468644   0.05625191   0.21523544   0.42463735  -0.05626950   0.06875650   0.16745059   0.09282970   0.01692352   0.15705481   0.07601048  -0.09204310  -0.03731015   0.71372950   0.49944905   0.30774187   0.29678101   0.47263623   0.19180378   0.12838693   0.26212116   0.02990801   0.59347837   0.64086120   0.59231423   0.45230182   0.49086964   0.57227628   0.61737350   0.31891279   0.60110588   0.67743338   0.37929973   0.36164406   0.71182634   0.11561849   0.47542720   0.16385978  -0.10975485   0.27276474  -0.16482617   0.07883964   0.07752998   0.24058869   0.47814979   0.31641516   0.42116892  -0.05815084   0.35226697   0.07771436   0.02400864   0.62516167   0.26367893   0.06537680  -0.12958888   0.42799522  -0.01791391   0.07993159   0.48812206   0.41493578   0.17517591   0.28284695   0.07578910   0.07528078   0.27527943   0.03999649   0.05471396   0.23514775   0.09883486  -0.06871037  -0.03871548   0.08730026   0.13027949   0.21141143   0.17493707   0.24234882   0.31972161   0.29067528   0.26510932  -0.11160900  -0.09403163  -0.11336603  -0.20612135  -0.14049947  -0.06398240  -0.05033018   0.21812466   0.19717366   0.41261053   0.63202192   0.41458911   0.69736670  -0.06477898   0.07774321   0.56773162   0.29680945   0.10830935  -0.11248256   0.09801106  -0.03883928  -0.11774025  -0.13688779   0.02786582   0.01135510   0.10935954   0.17445219   0.26852945   0.34696166   0.41598427   0.00415097  -0.07412388   0.22563464   0.05162346  -0.03255277   0.17580289   0.36634893   0.04061727   0.13822545   0.00289998  -0.03940986   0.00000000   0.47216539   0.55073654   0.22472595   0.02973972   0.08557666   0.28801510   0.71883399   0.63915133   0.63985217   0.56147058   0.70819534   0.57622215   0.55773466   0.42202382   0.65926441   0.55092546   0.68455071   0.38808026   0.40904471   0.70985312   0.58520557   0.04632415   0.06685466   0.34254285   0.32959146   0.05649818   0.49609445   0.12322314   0.62720609   0.22321665   0.02635363  -0.03529628   0.04697749   0.14524800   0.08398358
 0.29134922   0.32109337   0.32499716   0.31910856   0.39336345   0.33597740   0.15191409   0.19294222   0.09904810   0.23168563   0.11313674   0.33600180   0.08964637   0.20048689   0.07053372   0.00116540   0.21577576   0.23251802   0.27385403   0.19218421   0.00725524   0.13174042   0.04062707   0.07924738   0.15303027  -0.00042120   0.01780001   0.12501197   0.28850542   0.30395784   0.30999496   0.42835834   0.37821521   0.59946332   0.29056251   0.18437963   0.14341815   0.47414925   0.29842519   0.28537776   0.12759751   0.04250644   0.23187176   0.33050890   0.20682717   0.20917078   0.54390563   0.44960235   0.10420535   0.14951838   0.06317539   0.04882467   0.03912929   0.07612262   0.09324095   0.05058405   0.27676971   0.43212852   0.65589941   0.35341953   0.37777223   0.49667233   0.13090556   0.42641247   0.30751023   0.01170488   0.44644013   0.48291066   0.41615428   0.34765963   0.40557632   0.38682321   0.39742312   0.25110223   0.03143433   0.25449488  -0.04309703   0.15866693   0.27113899  -0.06506067   0.03207339   0.08297144  -0.06616840   0.01491802  -0.06016997   0.07991599  -0.07850922  -0.05477935   0.16222599   0.14560698   0.21667576   0.00172141   0.29899428  -0.01655946   0.05244126   0.18054506   0.10161578   0.07586082   0.01036002   0.08279699   0.22584789   0.23604348   0.34090428   0.31099211   0.27792096   0.33360228   0.18927697   0.18352143   0.32518346   0.19441048   0.21453059   0.31414705   0.25317328   0.13564532   0.09194944   0.13510633   0.32048584   0.22542841   0.24880611   0.28022664   0.32717807   0.23192814   0.29034791   0.03931570   0.11752631  -0.00628373  -0.03877146   0.05723601   0.14025061   0.02994408   0.33619120   0.14159840   0.34124087   0.37129035   0.55036148   0.53431416   0.29797702   0.18655497   0.37589006   0.34831318   0.29105254   0.33362730   0.33516427   0.08847296   0.11431920   0.19586666   0.24024289   0.09268678   0.27994933   0.34534620   0.55055769   0.57180824   0.58172624   0.04496983   0.03396121   0.23066277   0.05180679   0.01978167  -0.08051348   0.09733396   0.09168627   0.10962944   0.01456812   0.10555514   0.47216539   0.00000000   0.49056457   0.54351549   0.08139721   0.05518531   0.02099086   0.52484155   0.32859142   0.59055245   0.41374202   0.48978382   0.36942322   0.46854483   0.36061406   0.23166151   0.42246214   0.30486355   0.26435453   0.35032714   0.29852973   0.16014199  -0.02421391   0.05496010   0.02124246   0.22335785   0.09378197   0.22645641   0.09333587   0.10196185   0.13409601   0.04710938   0.06498154   0.12159593   0.29123594   0.32145962
 0.15347251   0.31600988   0.35178749   0.24180820   0.41018433   0.24114535   0.14688501   0.13478198   0.15967838   0.21213838   0.11857138   0.28246640   0.03449136   0.14386777   0.04319260  -0.01391840   0.20763167   0.24966748   0.28397923   0.19496194  -0.09340143   0.01275468  -0.04643779  -0.05309134  -0.02727202  -0.09732560  -0.04408368   0.04592355   0.24105188   0.23581426   0.40558991   0.41397525   0.55403343   0.59639820   0.17290835   0.16052129   0.15565205   0.53842665   0.32574818   0.17286261   0.01217159  -0.02035305   0.09129887   0.32269651   0.16452635   0.17944290   0.37914265   0.60019025   0.04070562   0.14225193   0.15529465   0.04233268   0.06298075   0.13717983   0.09755300  -0.03406510   0.22704983   0.43609453   0.52838831   0.29964956   0.54133840   0.42166698   0.10599386   0.27075419   0.33298175  -0.00225036   0.49941033   0.53069870   0.50198514   0.24571733   0.42283820   0.62284495   0.63062051   0.27019747   0.32657582   0.57740571   0.26422056   0.26513707   0.53283325   0.06920421   0.33919575   0.15297228  -0.05632349   0.11043189  -0.10239561   0.02782482  -0.01884041   0.17600037   0.36197258   0.17494405   0.37314013  -0.04240287   0.30952239  -0.05875523  -0.01924705   0.56649343   0.35441716   0.13302820  -0.06831952   0.33837900   0.13782155   0.17488417   0.41996914   0.30608837   0.27138331   0.29690654   0.14946893   0.17420451   0.30658889   0.12998178   0.18861205   0.32244183   0.17495635   0.08014527   0.00492240   0.12702902   0.25140331   0.25466863   0.23264966   0.33523214   0.36694782   0.25725078   0.29342145  -0.03146253   0.00937768  -0.05979938  -0.11325665  -0.02167553   0.04430684   0.00687981   0.34245347   0.24912602   0.40818358   0.57669788   0.41241595   0.54239883   0.14910470   0.15946224   0.56194527   0.38052432   0.34097699   0.18178890   0.23210994   0.02998392   0.03971059   0.04841100   0.18712378   0.11342729   0.28531448   0.32867794   0.32705083   0.34952917   0.52527487   0.01265237  -0.01626499   0.24918217   0.02702815   0.02048329   0.07256298   0.27680251   0.07760125   0.10519136   0.04405232   0.05258073   0.55073654   0.49056457   0.00000000   0.28687868   0.09155695   0.06367518   0.19130481   0.54042619   0.34247838   0.40881699   0.42851279   0.53401476   0.37628313   0.44689258   0.40547298   0.50140307   0.54271510   0.58546901   0.30329455   0.40222747   0.62574140   0.44779747   0.08696022   0.07994406   0.23240753   0.25216861   0.10653941   0.37150031   0.03159732   0.45078955   0.35637398   0.11271452   0.04913192   0.12163277   0.25592480   0.25918544
 0.30896800   0.15748534   0.25356309   0.19136624   0.26622469   0.24370148   0.19159702   0.22115791   0.12438859   0.24694908   0.15317349   0.27083012   0.13593380   0.20352228   0.12953567   0.06534375   0.18309961   0.18752510   0.19941365   0.16885998   0.10737623   0.18875215   0.11582668   0.15213803   0.26027118   0.11650062   0.08641090   0.18244299   0.26583890   0.24413745   0.24332499   0.26640407   0.19341516   0.35749368   0.30976960   0.16290066   0.12343361   0.25939183   0.24881816   0.34842319   0.21465981   0.13996053   0.34016942   0.26760104   0.19296350   0.22530052   0.47311081   0.27068406   0.13735974   0.15115744   0.09477992   0.02709369   0.05560055   0.05855073   0.13082173   0.10853308   0.23175779   0.21344871   0.46942114   0.20157224   0.23330451   0.43040767   0.22796060   0.47669012   0.26054489   0.02909905   0.30136804   0.31965373   0.31839044   0.32923594   0.19490260   0.19438114   0.16391369   0.09233606  -0.05907156   0.09274774  -0.08803822   0.08910563   0.07060181  -0.05339374  -0.05137800   0.07236822  -0.03494447  -0.02050859   0.01940936   0.12225183  -0.00238491   0.00306155   0.10652860   0.15301219   0.19822774   0.10325864   0.27744817   0.11634625   0.16181659   0.01357896   0.07886590   0.05702315   0.06474614   0.05398666   0.23564229   0.19348677   0.20569342   0.14563162   0.19783226   0.21216622   0.21504925   0.19326853   0.25818898   0.21460058   0.19536266   0.22837020   0.25771367   0.18084893   0.14684884   0.16218673   0.21681074   0.19185727   0.22241215   0.21814084   0.20460320   0.15304339   0.20068972   0.14279071   0.15486209   0.09757513   0.08850019   0.13511163   0.21744297   0.10113943   0.26730406   0.12532499   0.18597931   0.14377398   0.34898308   0.29045860   0.32663177   0.16101020   0.16092069   0.19628473   0.23277820   0.37738965   0.33602884   0.14820668   0.18238855   0.28961509   0.24225107   0.11948040   0.24635400   0.30349969   0.48213266   0.56268016   0.38359071   0.11468278   0.09588971   0.20781646   0.06176678   0.14045909  -0.00693282   0.01799439   0.10469454   0.11623348   0.03588507   0.13538289   0.22472595   0.54351549   0.28687868   0.00000000   0.20385244   0.06031659   0.00057547   0.33017029   0.18119196   0.40893777   0.35730459   0.36141352   0.31681673   0.25181089   0.30849068   0.11744988   0.19339381   0.10200936   0.10894885   0.28747174   0.09845969   0.00931742  -0.01649271   0.05933684   0.02775824   0.20074809   0.09012910   0.18036072   0.25663388  -0.00841444   0.09736877   0.06541602   0.06091949   0.09882125   0.25140207   0.34930559
 0.26300551  -0.05411705   0.18174035  -0.02429689   0.07578911   0.04884657   0.28554160   0.28585637   0.21987694   0.27586280   0.30517411   0.20143735   0.24985820   0.34409402   0.30260947   0.27089622   0.17338287   0.21671589   0.29484570   0.23190494   0.25464822   0.32922126   0.31749065   0.28882799   0.18904660   0.29684751   0.34314372   0.34102968   0.38988320   0.14453117   0.24110147   0.07099695   0.13502319   0.12107608   0.33205351   0.17038164   0.13651747   0.08425197   0.23638025   0.28396844   0.23648880   0.14566855   0.18619461   0.20188965   0.22880711   0.26438418   0.06446774  -0.00305853   0.09169664   0.08353775   0.28729878   0.03636974   0.08033110   0.02347309   0.20123994   0.17647761   0.19434613  -0.07743284   0.11067875  -0.08082020   0.09896758   0.19902623   0.34601472   0.26181706   0.34567720   0.02759304   0.16825898   0.03042435   0.15441888   0.17699056  -0.11487820   0.06959393   0.03619011  -0.07995224   0.06641644   0.07179333   0.22839871   0.03047610   0.00355998   0.08419090   0.10532085   0.07276170   0.18148810   0.04516723   0.22305980   0.25030850   0.00261444   0.26382925   0.20607234   0.12430731   0.21683410   0.21695521   0.25112801   0.16319863   0.18029757   0.03823351   0.34709476   0.16114646   0.28255146   0.20062464   0.32077486   0.18512702   0.06506698  -0.02575917   0.15090893   0.10038939   0.23734699   0.24496441   0.15431698   0.28050474   0.27149453   0.14683863   0.30984869   0.33597249   0.28924123   0.31303445   0.23989914   0.28413988   0.26835363   0.23767703   0.20770546   0.23629855   0.21620154   0.33035338   0.34915399   0.26990081   0.28173227   0.29871205   0.35275698   0.36544526   0.30622442   0.36665708   0.10809904   0.04089721   0.06922416   0.08143040   0.35253518   0.27930881   0.02963057   0.11772348   0.22668004   0.27248241   0.33532978   0.20222718   0.30156281   0.24142477   0.23261452   0.16382922   0.13951233   0.28351634  -0.08342655   0.24429161  -0.05753416   0.07976646   0.03568629   0.02967023  -0.04189706   0.28032620   0.17466769   0.09282159   0.20205181   0.11089482   0.12838139   0.29862359   0.02973972   0.08139721   0.09155695   0.20385244   0.00000000   0.06820189   0.18660490   0.07084058  -0.08942582  -0.08289019   0.31649305   0.18667111   0.24225662  -0.02559051   0.20401509   0.09044732   0.02893389   0.05837194  -0.03300450   0.10764716   0.08168375   0.09059058   0.01334766   0.04273960   0.33890796   0.28224902   0.29468196   0.19751694   0.28950126   0.14637749   0.31538710   0.21377682   0.33597433   0.17810014   0.25497134   0.26073908
 0.07128574   0.03170111   0.09969462  -0.00168097   0.01235447  -0.00458118   0.04778898   0.07445972   0.05151444   0.10935965   0.09964649   0.06666618   0.06944511   0.08377810   0.09192365   0.04495622   0.06221929   0.07510730   0.08314853   0.06274867   0.05624281   0.07902067   0.07819037   0.03953710   0.01467955   0.06315772   0.04736627   0.07080443   0.04449834   0.02359621   0.07179961  -0.01793683   0.02966182   0.03613016   0.03870463   0.06856269   0.04929367   0.02670615   0.06021432   0.03650628   0.07492278   0.03395426   0.06468504   0.09707224   0.06352487   0.08035407   0.05349050   0.07958181   0.02771716   0.06957023   0.09710092   0.05064475   0.04071323   0.01082232   0.04898547   0.05388229   0.00548036   0.04662269   0.08439961   0.03217942   0.08362557   0.09569100   0.07495855   0.05950858   0.05933815  -0.00485866   0.09667566   0.08603778   0.07843364   0.07528057   0.07405048   0.08171721   0.02778444   0.03019587   0.10390412   0.10502902   0.08812755   0.10811359   0.07307843   0.05860870   0.11367220   0.10150881   0.01076949   0.05568421   0.01295447   0.07731204   0.02202262   0.12416618   0.13465617   0.08874312   0.10206812   0.07116959   0.10081998   0.03779440   0.06700235   0.06176994   0.08802924   0.03086577   0.04027178   0.10774384   0.05134508   0.01902342   0.04594817   0.01829775   0.01436556   0.03997864   0.06660145   0.08298618   0.10716652   0.08687184   0.06956477   0.04012990   0.09118215   0.05932764   0.05614484   0.08882023   0.02522741   0.09455934   0.08114498   0.06711576   0.05196841   0.05749182   0.07613131   0.06772964   0.07853863   0.04896510   0.03253333   0.04491246   0.04954272   0.07342205   0.04759479   0.08973805  -0.02527321   0.00051915  -0.01071544   0.01963533   0.03914067   0.07966519   0.02556087   0.03174447   0.03933741   0.02884266   0.04493462   0.09398554   0.08867544   0.03349717   0.08939625   0.08017623   0.07199840   0.08033981   0.03032136   0.04788308   0.05176050   0.03340473   0.02053774   0.12188515  -0.01455374   0.05799384   0.03864272   0.07186123   0.07277581   0.01648890   0.02131384   0.05175791   0.08557666   0.05518531   0.06367518   0.06031659   0.06820189   0.00000000   0.07431474   0.06985592   0.06828084   0.05643224   0.08718329   0.07516322   0.09801727   0.06428424   0.08612636   0.08206444   0.04385377   0.04853754   0.07846035   0.05346894   0.09601438   0.09374762  -0.00136565   0.06120434   0.09857109   0.09053112   0.04103049   0.10023662   0.07247193   0.08257369   0.07994012   0.02451010   0.02798201   0.03368185   0.05692166   0.05457074
 0.03354600   0.07656630   0.16641136  -0.00824563   0.00392673  -0.04418055   0.10048189   0.10391647   0.10917801   0.16767987   0.16911254   0.09203843   0.12752506   0.18542641   0.19889564   0.16506652   0.12726440   0.18523415   0.22899037   0.18456462   0.03258265   0.05338793   0.12311813   0.06598238  -0.09907483   0.09268296   0.10810228   0.10817916   0.18917984   0.04555298   0.19592885   0.00240795   0.18962491   0.11276112   0.07915558   0.10823578   0.09680364   0.15132908   0.10928559  -0.02664372   0.02157977  -0.01699626  -0.05512717   0.10795157   0.04085838   0.13376839  -0.09735349   0.10410158  -0.07696819   0.09282696   0.23111295   0.09605221   0.04566968   0.17231370   0.15793837   0.03235464   0.01248159   0.12178389   0.01450597  -0.05482829   0.09328376   0.04624639   0.10668542  -0.01775892   0.14749992   0.04058469   0.23740856   0.21689490   0.23513251   0.14878808   0.06655055   0.20458510   0.18143099   0.05094850   0.45033840   0.34737817   0.48595971   0.24752410   0.28316598   0.17709363   0.43317374   0.21844267   0.13837105   0.29618862   0.08216014   0.21820800   0.27921340   0.45292082   0.40827602   0.18393680   0.34576911   0.11590183   0.13657032   0.19289289   0.12338801   0.34562684   0.32045348   0.10087081   0.08885734   0.49459665   0.06865181   0.03338265   0.18823081   0.04997675   0.02840809   0.05026630   0.12508454   0.10543353   0.13555147   0.11906990   0.10822251   0.07768630   0.19094419   0.09407143   0.12302942   0.20759906   0.09064162   0.24160950   0.18981059   0.19602707   0.17454929   0.22585657   0.18836162   0.10490250   0.11735312   0.10273532   0.08001166   0.09138033   0.13079450   0.15250990   0.16079378   0.37542170   0.06383907   0.18680899   0.01794406   0.17858537   0.07980429   0.18340115   0.15360550   0.13758204   0.07638155  -0.02942581   0.08330500   0.06276496   0.08599313   0.01716020   0.07130658   0.09909329   0.10852120   0.14642606  -0.06046969   0.00861372  -0.02145723   0.05841127  -0.07590491   0.05979914  -0.01529163   0.14188550   0.27290688   0.40558744   0.15865811   0.22135484   0.08875638   0.09716668   0.28801510   0.02099086   0.19130481   0.00057547   0.18660490   0.07431474   0.00000000   0.22549359   0.30596527   0.09909393   0.31701513   0.32392228   0.28467253   0.13408251   0.28545584   0.41198639   0.10163321   0.30747513   0.11932661   0.33185365   0.40045284   0.39318603   0.07813155   0.04823892   0.51220779   0.37334681   0.24033983   0.39815198   0.22530726   0.49603226   0.26741664   0.10555234   0.17716334   0.12233634   0.10948097   0.10185664
 0.18200486   0.44724578   0.43360542   0.34798233   0.37596100   0.30601721   0.08440333   0.15496610   0.08772361   0.23328147   0.05215406   0.31051259   0.04864907   0.15116477   0.06377263   0.00063252   0.28482290   0.27093069   0.29286793   0.22805971  -0.14415724  -0.03092213  -0.05514969  -0.08116690  -0.09117158  -0.13606943  -0.05762503   0.04203734   0.26415481   0.29298332   0.37029194   0.47667334   0.59804525   0.60454195   0.05888437   0.16803197   0.11349242   0.50732583   0.26482249   0.01685376  -0.03688274  -0.09756034   0.00236178   0.28396348   0.12755565   0.15402343   0.27325081   0.43496040  -0.00000434   0.12039555   0.18376420   0.07570072   0.03941495   0.15237921   0.09349942  -0.05313567   0.16880730   0.61334025   0.53080033   0.29607898   0.38575621   0.50490318   0.21746653   0.21291808   0.36121762   0.04423575   0.70780166   0.53233426   0.58756761   0.45505327   0.43613772   0.51516605   0.52262478   0.28933841   0.41647070   0.57230137   0.26006943   0.29667334   0.52256295   0.09299937   0.35003518   0.13925509  -0.09963894   0.22540761  -0.14083173   0.07540153  -0.01660764   0.12805610   0.35129966   0.27800133   0.35630476  -0.06552477   0.40961955   0.05016062   0.02477910   0.50901132   0.27558224   0.09077889  -0.10093077   0.33497832   0.10334677   0.24155420   0.51663253   0.44490336   0.32314493   0.37654639   0.17418699   0.17287327   0.39257103   0.15085406   0.15541180   0.33915254   0.20159297   0.08426655   0.03788672   0.16913418   0.28144707   0.33370477   0.31487700   0.33561202   0.36825149   0.28730676   0.36150492  -0.03875625   0.00151770  -0.05841074  -0.13532664  -0.04241839   0.05045843   0.02444856   0.35148590   0.25875683   0.46826154   0.52690616   0.48066531   0.64717634   0.05953791   0.13268059   0.45652636   0.37781499   0.27506966   0.05848632   0.24894277  -0.00177077  -0.01538449  -0.01999386   0.12894932   0.06410496   0.18897487   0.33121376   0.30255411   0.45690791   0.44583978   0.00909168  -0.04508933   0.22870133   0.06995715   0.01164322   0.12104650   0.25347794   0.06977331   0.14880511   0.01892767   0.03117252   0.71883399   0.52484155   0.54042619   0.33017029   0.07084058   0.06985592   0.22549359   0.00000000   0.43816539   0.57718163   0.49218863   0.62489717   0.56732629   0.50584168   0.36605328   0.51203952   0.50120144   0.53224151   0.32444617   0.33073137   0.57602192   0.43524815   0.03652519   0.07304602   0.24517817   0.38044247   0.06090528   0.39111475   0.08189984   0.45894904   0.27908526   0.02616391  -0.01253929   0.11998632   0.32501755   0.10545392
 0.06197896   0.32035938   0.28118739   0.17670571   0.12303495   0.11378378   0.02907398   0.07040255   0.03390008   0.14847702   0.02676944   0.19940414  -0.01021327   0.03543064   0.04408132   0.01121765   0.08392509   0.08977305   0.20276371   0.08890609  -0.07599511  -0.03933331  -0.04732688  -0.06750214  -0.11018564  -0.08931719  -0.04074365  -0.01285839   0.03152741   0.08013493   0.15818082   0.12178620   0.27116900   0.35500138  -0.07083380   0.08105789  -0.01753662   0.29343751   0.01627137  -0.14898323  -0.04821560  -0.10037163  -0.01706508   0.18940992   0.01535928   0.03635640   0.19011476   0.39654929  -0.06660655   0.11439915   0.04673716   0.12820177  -0.01120792   0.16693900   0.04710968  -0.02136435  -0.09894257   0.49806660   0.27481531   0.17316214   0.14560731   0.24928505  -0.04535523  -0.02519252   0.02788568   0.01339367   0.33987341   0.65436734   0.47102969   0.35923587   0.51519558   0.43495877   0.34246961   0.31474427   0.50609757   0.44175934   0.31066795   0.35981646   0.52605250   0.05008996   0.37578545   0.24200231  -0.05664091   0.36915579  -0.07586833   0.20142375   0.46542324   0.27265614   0.46980274   0.33656910   0.41481973   0.10493316   0.11875159   0.26610505   0.18513131   0.40377583   0.14569807   0.03544905  -0.08238896   0.47617666   0.01663870   0.05312485   0.35833974   0.27583902   0.07320506   0.18990501   0.12548574   0.08918526   0.23460593   0.08199254   0.08082344   0.16134097   0.13200709  -0.01764461   0.00491356   0.10988318   0.05236408   0.17180975   0.14946372   0.12064582   0.23119225   0.21300489   0.18084737  -0.03408261  -0.00878653  -0.05211693  -0.11851356  -0.09751323   0.00940728  -0.01994217   0.11321732   0.17548145   0.12810412   0.32255723   0.23509156   0.47155930  -0.09650727   0.07661441   0.33329436   0.14452447  -0.00113577  -0.09472850   0.00854694  -0.03119038  -0.06744895  -0.06809417   0.01198315   0.05387948   0.13575071   0.10745713   0.43927445   0.21839757   0.39771686   0.07993394  -0.06078655   0.26139905   0.07880361  -0.02434669   0.09183379   0.48790768   0.05814863   0.21221582  -0.01432618  -0.06476922   0.63915133   0.32859142   0.34247838   0.18119196  -0.08942582   0.06828084   0.30596527   0.43816539   0.00000000   0.64328155   0.52168213   0.68631090   0.48289708   0.62260556   0.53256878   0.60872973   0.34656314   0.45576728   0.41854208   0.67356673   0.55843628   0.49541965   0.06538823   0.06288552   0.26247188   0.42543779   0.01838543   0.55731962   0.27329595   0.51371686   0.13003501  -0.00459313  -0.06298343   0.00879607   0.04684034   0.22745154
 0.10116297   0.33349578   0.24432923   0.23116890   0.15227169   0.17437132   0.01299571   0.06264290   0.01742558   0.11132454  -0.02303484   0.17629451  -0.01199483   0.06076594   0.04096690   0.01815057   0.09784189   0.10116659   0.18561390   0.08154965  -0.05554194   0.00355858  -0.04862725  -0.09319962  -0.05400603  -0.07885351  -0.06184786  -0.01164420   0.05537720   0.11773169   0.12179710   0.24809809   0.27148280   0.45248697  -0.03255191   0.12250816   0.00009766   0.28652073  -0.00458095  -0.14283041  -0.05106140  -0.08675430   0.00623053   0.15759909   0.01130258   0.02902697   0.34302092   0.40017060   0.02050532   0.11454182   0.00844982   0.05043519  -0.02209701   0.09196231   0.02621036  -0.01434934  -0.05396371   0.59691030   0.54958108   0.29177322   0.15350892   0.45187146   0.09481210   0.16520042   0.10086022   0.02691988   0.44344753   0.64117598   0.46621222   0.46461794   0.51329796   0.32521299   0.28257301   0.26454576   0.24336848   0.38995331   0.02420968   0.22783952   0.35637759  -0.02662911   0.13873597   0.14268577  -0.17122267   0.22139929  -0.10882621   0.08458326   0.06205602  -0.01605720   0.21867744   0.26560025   0.25572018  -0.02068124   0.21117343   0.09960416   0.09316093   0.23609064   0.05169782   0.03030850  -0.02677571   0.17201287   0.02116944   0.08194654   0.30782891   0.27900164   0.07034441   0.20314413   0.10103704   0.08699126   0.21960544   0.06406791   0.07366474   0.15572226   0.17384686  -0.01627592   0.00595832   0.10035723   0.11987676   0.15182202   0.16124132   0.13024006   0.19800411   0.20490413   0.19665918  -0.02431375   0.00275640  -0.04008422  -0.09870231  -0.12777074  -0.01030877  -0.04132482   0.07426563   0.05421630   0.16149184   0.27157369   0.39468235   0.48410227  -0.06595080   0.02331649   0.25401456   0.12133626   0.02382185  -0.07786745   0.12774438  -0.02405309  -0.07471499  -0.05697120   0.03890146  -0.00444506   0.09395197   0.11990637   0.55082385   0.42362838   0.53998961   0.05297708   0.00140333   0.28704071   0.09096493  -0.07636688   0.00506004   0.16403625   0.00231615   0.09788327  -0.02995550  -0.06285362   0.63985217   0.59055245   0.40881699   0.40893777  -0.08289019   0.05643224   0.09909393   0.57718163   0.64328155   0.00000000   0.45049400   0.61521268   0.50944651   0.57221111   0.35400582   0.43417545   0.30208359   0.32346382   0.29046597   0.45349579   0.40399346   0.23556503   0.03140497   0.04732046   0.00605946   0.23830862  -0.03071759   0.28927786   0.14844956   0.23990166   0.05381698  -0.01166599  -0.06800116   0.04887074   0.10477937   0.16550295
 0.26913022   0.23265810   0.38344937   0.15039744   0.22490040   0.16106649   0.21961663   0.26739427   0.18074471   0.32057746   0.22093652   0.32487156   0.14825332   0.26343993   0.21326396   0.16059916   0.21491345   0.24225462   0.38712210   0.24506607   0.04280722   0.14447144   0.14106486   0.11003807   0.05689295   0.08407642   0.16340567   0.20052903   0.37052368   0.18778719   0.31986531   0.25853598   0.41459779   0.46804872   0.22883334   0.19867406   0.09320608   0.36103876   0.22979390   0.14978440   0.09495114  -0.00043844   0.16258538   0.31392639   0.17591898   0.24007094   0.27687446   0.35776488   0.01391948   0.09183504   0.26171940   0.07402669   0.01952554   0.12306989   0.16460870   0.05631501   0.10533415   0.43735920   0.40679293   0.13432846   0.24719289   0.49969275   0.40624298   0.28041986   0.42775290   0.03264936   0.53216956   0.57217271   0.67008934   0.58749483   0.36607981   0.40643817   0.35483380   0.16356045   0.40999658   0.44825178   0.34975734   0.26116605   0.40586239   0.07231283   0.32510052   0.15490197   0.06284702   0.26905478   0.06366753   0.38297333   0.30607845   0.36112615   0.50937118   0.48274968   0.53223433   0.19701502   0.37703899   0.40929140   0.28622659   0.38400671   0.37911182   0.14900221   0.12100317   0.51376023   0.26410160   0.15404095   0.36693217   0.20498853   0.17597836   0.25779163   0.26954595   0.26361112   0.33656315   0.26852200   0.25338541   0.27263203   0.30552746   0.21675148   0.16351656   0.29173285   0.24099837   0.33593592   0.31596370   0.30031873   0.32366220   0.31036285   0.31670873   0.14326578   0.14639097   0.09925519   0.04316919   0.10057461   0.21686788   0.20836951   0.32509414   0.36894838   0.25179862   0.36559010   0.31399420   0.50427525   0.18330721   0.23827525   0.33514957   0.24667158   0.21976387   0.13512995   0.32693406   0.09915408   0.10243525   0.08302973   0.20333284   0.15362535   0.17434280   0.33948634   0.26116811   0.46396897   0.34084645   0.07994123  -0.04883365   0.19960079   0.00866980   0.12286485   0.14315935   0.32044648   0.17162830   0.18748255   0.05934876   0.14624702   0.56147058   0.41374202   0.42851279   0.35730459   0.31649305   0.08718329   0.31701513   0.49218863   0.52168213   0.45049400   0.00000000   0.77366743   0.62361181   0.49755868   0.61869089   0.53684168   0.34446395   0.42550419   0.23564693   0.54626908   0.50416599   0.36828540   0.00001281   0.07835843   0.42278946   0.57831424   0.19803802   0.57058497   0.44568973   0.48830350   0.34426859   0.13828810   0.14525018   0.14420666   0.24444103   0.29440858
 0.22096477   0.36544627   0.41218701   0.25031204   0.28343710   0.22826823   0.14711145   0.18833796   0.14609703   0.26665341   0.11628545   0.31525342   0.08149655   0.18482513   0.13252553   0.08878697   0.22472249   0.23256347   0.35748720   0.22672492  -0.03760265   0.04482536   0.05119695   0.00626480  -0.02731225  -0.01780635   0.06588397   0.11131414   0.28566331   0.22648048   0.32924170   0.35213505   0.50345202   0.56323248   0.14922896   0.17709441   0.08810504   0.45827816   0.21170258   0.04645980   0.01611688  -0.05247387   0.07359825   0.30061247   0.12291120   0.18296376   0.30821500   0.46190513   0.00899260   0.09740407   0.20172365   0.09517627   0.02551711   0.16531779   0.14504405   0.02436051   0.09689487   0.55710846   0.47364413   0.20827543   0.29571903   0.48894971   0.25304948   0.22188946   0.36741049   0.01744507   0.57870715   0.67570271   0.69684699   0.54906306   0.47922272   0.48983615   0.47875067   0.24936547   0.47658504   0.55440016   0.33374977   0.32139027   0.52664651   0.06273774   0.37284328   0.18233095  -0.01169570   0.31229962  -0.04384224   0.27117666   0.29732208   0.30643814   0.51820642   0.42502765   0.53025497   0.11448355   0.35181658   0.30110786   0.20499581   0.49093354   0.32637821   0.10788238   0.00284323   0.50751353   0.17522463   0.16637909   0.45755858   0.32667313   0.21204654   0.29547177   0.20880176   0.20211950   0.35125999   0.20002777   0.17845061   0.28617113   0.25986629   0.12673259   0.09315734   0.24515282   0.24932423   0.33369178   0.30625448   0.31963967   0.35372289   0.32872612   0.33468945   0.04288014   0.06751902   0.03048389  -0.04620266   0.00784252   0.12906500   0.11180158   0.31522500   0.32318710   0.32920817   0.48734014   0.42268252   0.63220739   0.09672481   0.19258745   0.44405302   0.29825289   0.22757356   0.07121489   0.28879956   0.04876873   0.03242270   0.01580990   0.14938016   0.11182876   0.18618171   0.32220620   0.37607104   0.47556504   0.45549876   0.08053975  -0.05555227   0.24951681   0.04252511   0.07319834   0.13400408   0.38621346   0.13694432   0.21774850   0.03009075   0.06473859   0.70819534   0.48978382   0.53401476   0.36141352   0.18667111   0.07516322   0.32392228   0.62489717   0.68631090   0.61521268   0.77366743   0.00000000   0.65221183   0.61760665   0.63285875   0.64433667   0.43642305   0.52972302   0.33277147   0.61078904   0.63674257   0.44422528   0.03521489   0.06916534   0.39444781   0.53910056   0.14907469   0.60772348   0.34576802   0.55119437   0.29039947   0.09851628   0.07143409   0.13351697   0.23347852   0.28494694
 0.21418033   0.26695398   0.39182893   0.18608653   0.23906052   0.19232590   0.18041345   0.23422436   0.14854777   0.26407975   0.15915687   0.29656505   0.12721943   0.24100812   0.19525855   0.15688721   0.24880847   0.24344386   0.37165863   0.24899213  -0.00968364   0.09688120   0.10245166   0.03947547  -0.07092540   0.04002178   0.12281339   0.16089130   0.31913265   0.19690095   0.32514286   0.26353536   0.41177433   0.44021981   0.14206124   0.20200850   0.07248055   0.32328340   0.17106468   0.04715603   0.02415491  -0.04921034   0.03854901   0.25659716   0.12477097   0.18261247   0.24049106   0.28045466  -0.00964284   0.08238635   0.27778707   0.12138888   0.02381122   0.16077850   0.17580777   0.03364902   0.07904444   0.45014163   0.40033358   0.13185057   0.19409140   0.52808867   0.31389580   0.22084400   0.32653517   0.06259578   0.56995513   0.53106051   0.55566036   0.62629079   0.29552917   0.36104865   0.30797672   0.16104650   0.40293701   0.46203554   0.30532592   0.25743953   0.35759082   0.12058632   0.33002535   0.14887438  -0.03208883   0.29437312  -0.02470922   0.17144173   0.11901080   0.22987488   0.41308012   0.41131888   0.38778973   0.07650572   0.43966961   0.28437692   0.15645140   0.35790175   0.35752072   0.16238660   0.01001284   0.37178328   0.18800024   0.17729655   0.38785921   0.25283880   0.20770629   0.28147489   0.22638278   0.23397813   0.31842248   0.21837517   0.21386956   0.25768428   0.29402186   0.17304064   0.17028337   0.28546140   0.21822140   0.34912310   0.33868676   0.28540669   0.34257471   0.32825183   0.32659790   0.11095676   0.10136872   0.08143825   0.02901533   0.02516061   0.15414591   0.16133574   0.30286003   0.32383213   0.26554374   0.34097278   0.29108355   0.47410087   0.08420626   0.18524508   0.29159487   0.23541028   0.18627885   0.04012219   0.22559049   0.06583028   0.05877859  -0.00115453   0.14527305   0.11908296   0.12585886   0.28012300   0.22751889   0.51608801   0.26202267   0.03693128  -0.03347053   0.20309749   0.06572106   0.15410359   0.24378071   0.32415026   0.16664027   0.20326823   0.05737002   0.12539088   0.57622215   0.36942322   0.37628313   0.31681673   0.24225662   0.09801727   0.28467253   0.56732629   0.48289708   0.50944651   0.62361181   0.65221183   0.00000000   0.47857284   0.44097006   0.53105551   0.30353954   0.38243963   0.22752176   0.41588838   0.46037821   0.35371571   0.05166951   0.07219273   0.37761194   0.45399178   0.13853758   0.48601638   0.31520736   0.45702470   0.32064482   0.12309485   0.06070812   0.09271620   0.21476992   0.15240454
 0.20953670   0.43515705   0.36018539   0.35206133   0.30085229   0.29919554   0.06173550   0.16077615   0.05248204   0.22378465   0.09177174   0.35500655   0.04683503   0.10390444   0.04625532  -0.03146685   0.19998386   0.18591599   0.27849640   0.16749227  -0.01808712   0.05006517  -0.01458028   0.01040793   0.04485080  -0.05518397  -0.04633282   0.06389596   0.12025155   0.23907373   0.26481746   0.29745226   0.34989785   0.49777084   0.05594514   0.14774791   0.09491879   0.45048241   0.20702738   0.03851452   0.01906820  -0.05839454   0.11953459   0.31548994   0.11683986   0.14113366   0.34817403   0.57362184   0.03397644   0.12303824  -0.02008127   0.08289084  -0.00469105   0.09512842   0.03855742   0.00593288   0.12424834   0.50529678   0.41748687   0.25979499   0.34820449   0.37222314  -0.03253574   0.09596304   0.16458648  -0.05760692   0.41409701   0.54656028   0.46385005   0.34576036   0.66933258   0.44221748   0.42386711   0.35430788   0.21337068   0.37139902   0.08560518   0.23236211   0.44997257  -0.06054430   0.22344539   0.13781401  -0.12562752   0.14314082  -0.09501073   0.14273035   0.17851793   0.06708253   0.35107397   0.26332734   0.33580207   0.02562233   0.16635828   0.08243967   0.06390583   0.30048178   0.10573957   0.01021700  -0.05548722   0.23221713   0.14609949   0.22313606   0.41371129   0.41909867   0.24978585   0.35724096   0.19662181   0.16273113   0.34529748   0.18830828   0.21354734   0.30600523   0.17588774   0.10457005   0.03306306   0.13347641   0.20738129   0.22994591   0.23297690   0.22093639   0.35065594   0.25076091   0.29165516   0.00083747   0.06816780  -0.04192435  -0.09579386  -0.02574080   0.05876510  -0.01455466   0.26236430   0.10599395   0.27842130   0.38981013   0.39476109   0.56897256   0.01750659   0.13389992   0.43921833   0.31754007   0.20320106   0.11971000   0.14070414   0.03833700   0.01286055   0.07588531   0.15920946   0.10494990   0.22871943   0.31123216   0.50208973   0.43397686   0.67741389   0.07823106   0.00322222   0.28425458   0.08955523  -0.03688222  -0.08024749   0.38601048   0.07124592   0.15410321  -0.02283841   0.00086314   0.55773466   0.46854483   0.44689258   0.25181089  -0.02559051   0.06428424   0.13408251   0.50584168   0.62260556   0.57221111   0.49755868   0.61760665   0.47857284   0.00000000   0.50685748   0.43059783   0.46038917   0.40531165   0.42477474   0.48675648   0.51191434   0.31743388  -0.00176934   0.06648578   0.13425991   0.34756429   0.02726764   0.49522740   0.13034855   0.23765681   0.11535132  -0.00968856  -0.01845094   0.06084955   0.19574196   0.26732243
 0.31670677   0.29086609   0.41654263   0.27466324   0.30987102   0.32605500   0.20864281   0.30947559   0.17768213   0.31860412   0.25280478   0.48819550   0.20796597   0.30188287   0.21641693   0.12889022   0.29021019   0.31020272   0.47283702   0.31368090   0.07157992   0.14093150   0.14109263   0.17411979   0.17606332   0.10495104   0.19212574   0.25660660   0.29863963   0.28761988   0.42071802   0.25170059   0.41224100   0.45888721   0.29147305   0.24609083   0.20414081   0.52889133   0.34407372   0.19538237   0.16212023   0.05991573   0.26720594   0.44169038   0.24050007   0.35816809   0.28195043   0.51019259   0.02938440   0.20017531   0.16439532   0.11146748   0.07180171   0.17599683   0.21036386   0.05293434   0.21800336   0.30277758   0.30957106   0.09734167   0.39374571   0.30733515   0.15482710   0.20373600   0.32006614   0.00589615   0.39318814   0.49965871   0.54069299   0.34949518   0.39983165   0.42240593   0.46349623   0.22096866   0.29351435   0.37932478   0.32282260   0.31924002   0.45543690   0.00901032   0.30719173   0.23724900   0.18030337   0.23046014   0.12294832   0.41037789   0.45340806   0.52317520   0.65463684   0.38403453   0.71493763   0.34906727   0.28078702   0.36973244   0.36358072   0.36218136   0.32097117   0.08949802   0.09079617   0.49748749   0.31855790   0.29010096   0.42391672   0.29090595   0.30698508   0.42332928   0.30322482   0.28169694   0.36530700   0.28958090   0.33042077   0.43767403   0.34977428   0.27269160   0.19637695   0.31099035   0.30303831   0.41304356   0.37083789   0.37553971   0.48365770   0.40223739   0.40940473   0.11199543   0.12693041   0.08589422   0.02804625   0.13100828   0.27150005   0.20985081   0.40319436   0.37013263   0.27079008   0.43615324   0.31776578   0.53842737   0.22772975   0.29955737   0.46633550   0.41219471   0.29629480   0.23324217   0.25739997   0.10129343   0.15376378   0.19211070   0.27030207   0.23122989   0.30194838   0.51043958   0.40881215   0.35629128   0.47875116   0.13679317  -0.03808700   0.28239540   0.04394125   0.18328297   0.09613011   0.46878797   0.23665730   0.25751898   0.06755842   0.13718928   0.42202382   0.36061406   0.40547298   0.30849068   0.20401509   0.08612636   0.28545584   0.36605328   0.53256878   0.35400582   0.61869089   0.63285875   0.44097006   0.50685748   0.00000000   0.48397035   0.43936380   0.46863883   0.34299820   0.59488174   0.49723448   0.37561663   0.04207235   0.10575562   0.48334623   0.49616634   0.27353024   0.75977547   0.45986728   0.38689102   0.30960608   0.11667011   0.17890846   0.16686807   0.27941092   0.42048966
 0.05987262   0.27115386   0.31663882   0.15026185   0.18863226   0.10982164   0.09592088   0.11924971   0.12014627   0.19915721   0.13374145   0.23382071   0.06182392   0.16170182   0.15094613   0.12306306   0.16895518   0.21047035   0.32909073   0.19651991  -0.08803312  -0.02629788   0.00183615  -0.06703124  -0.19288274  -0.03425615   0.04220064   0.05855171   0.17103820   0.11570912   0.30220373   0.21338631   0.49015221   0.38322234   0.03117667   0.14234720   0.05714958   0.35815110   0.12233294  -0.12255626  -0.06608449  -0.12120575  -0.08305338   0.19351943   0.05399666   0.14059102   0.04222161   0.39109916  -0.06521984   0.08987701   0.22667873   0.11075912   0.01901754   0.20626602   0.13065254  -0.03921745  -0.01435789   0.43229249   0.28057806   0.10712891   0.28381840   0.30444966   0.16781291   0.04263466   0.23628250   0.05429244   0.47540963   0.56132156   0.54237046   0.37461615   0.37242729   0.51211836   0.49687049   0.19595392   0.69470293   0.71946271   0.56888550   0.36750074   0.64095146   0.20103502   0.59525542   0.25313532   0.00084112   0.40723441  -0.03979650   0.19352285   0.25337378   0.45518928   0.60587245   0.34645331   0.54470667   0.05790911   0.28955322   0.19792791   0.10462462   0.66626827   0.40597195   0.13544814  -0.03271339   0.60175937   0.06359598   0.09848246   0.40846000   0.25885145   0.15221532   0.21908888   0.14859621   0.13924854   0.24837755   0.11244175   0.16025765   0.24325510   0.21408638   0.04151237   0.05904562   0.22963769   0.12818672   0.31185842   0.24671180   0.27070063   0.33087664   0.32914691   0.29894539  -0.00695741   0.01376355  -0.00916740  -0.07657280  -0.03004483   0.05297639   0.09911893   0.22545831   0.37138453   0.25817857   0.49573582   0.20830452   0.46904248   0.00863991   0.14950136   0.44289663   0.23098620   0.12919989  -0.12359448   0.11085555  -0.01126796  -0.03745409  -0.09504674   0.05609396   0.06252353   0.12709079   0.20600205   0.11326619   0.16764544   0.24333128   0.05023684  -0.09345748   0.21786650   0.03631261   0.05081032   0.30257029   0.52136692   0.11034822   0.17634268   0.05474701   0.01853646   0.65926441   0.23166151   0.50140307   0.11744988   0.09044732   0.08206444   0.41198639   0.51203952   0.60872973   0.43417545   0.53684168   0.64433667   0.53105551   0.43059783   0.48397035   0.00000000   0.40469983   0.63695740   0.28590047   0.48318571   0.75025810   0.63031156   0.11532651   0.06345306   0.52226101   0.39472739   0.12364454   0.60435040   0.19387779   0.73862579   0.37956229   0.10989855   0.06813285   0.09082988   0.12101523   0.10435777
 0.27448700   0.54395368   0.43766832   0.57535472   0.60767538   0.59242649   0.15472096   0.17930331   0.12545613   0.25447698   0.15767297   0.54999671   0.02852775   0.12000025  -0.00285316  -0.08070646   0.29102661   0.28245293   0.31472400   0.23040771  -0.14457288  -0.01568596  -0.11424108  -0.06207669   0.01012436  -0.17961378  -0.09738535   0.04020296   0.19899589   0.42235869   0.52915654   0.52545530   0.66589417   0.61166556   0.09727659   0.15283535   0.17017785   0.73041121   0.33802069   0.12587100   0.00202611  -0.04484446   0.09065667   0.41076378   0.15037412   0.21941601   0.27778149   0.53792585   0.01781719   0.11705589   0.08392316   0.08104048   0.06636239   0.14708910   0.08858410  -0.04938956   0.31975358   0.47137921   0.41671179   0.28207878   0.53655515   0.29037489   0.00128221   0.13713241   0.27673570   0.00046744   0.43328819   0.38933741   0.36436667   0.12527449   0.43079569   0.72719389   0.77909807   0.38728935   0.26521683   0.45904359   0.24033286   0.29072587   0.69165011   0.01492716   0.32890088   0.12396883  -0.01914921   0.03181922  -0.09107498   0.08111833   0.00187993   0.14040277   0.35245870   0.14392379   0.33736332  -0.04732902   0.25429241  -0.06542636  -0.00460370   0.56520030   0.28723031   0.07384330  -0.09476313   0.31527914   0.24129197   0.42971831   0.62590461   0.60988146   0.56860037   0.66808851   0.23991717   0.20568205   0.42078326   0.20725450   0.33979236   0.63928204   0.13990460   0.10799376  -0.02233095   0.10860687   0.26843337   0.31264308   0.30337799   0.36290092   0.54958140   0.35047534   0.39266980  -0.09958131   0.01323396  -0.15104871  -0.22140009  -0.02449143   0.04741061  -0.04385823   0.45033701   0.26393746   0.58339418   0.74093522   0.47454538   0.70652357   0.08551549   0.17733519   0.74645036   0.60020293   0.37049859   0.20177407   0.13980518  -0.00156601   0.01435873   0.06008523   0.17854399   0.08051586   0.31526304   0.42397942   0.32354156   0.30008918   0.55144203   0.00053102  -0.02821995   0.20602051   0.09345480   0.01352372   0.03678120   0.32776077   0.05824918   0.12376483   0.02233688   0.02781397   0.55092546   0.42246214   0.54271510   0.19339381   0.02893389   0.04385377   0.10163321   0.50120144   0.34656314   0.30208359   0.34446395   0.43642305   0.30353954   0.46038917   0.43936380   0.40469983   0.00000000   0.71135697   0.44683351   0.33812701   0.57312689   0.55218932   0.05413017   0.08251446   0.23201123   0.26657733   0.12805502   0.41384956   0.00236995   0.35748211   0.32444028   0.07006335   0.04858658   0.13789249   0.33561229   0.22773033
 0.06558051   0.44700915   0.35181931   0.36096689   0.39505057   0.33370634   0.07998713   0.05230933   0.08825756   0.15556863   0.06457258   0.34142988  -0.01793333   0.06371446  -0.01095748  -0.05713975   0.16991407   0.18677547   0.28836346   0.15587708  -0.20734699  -0.13777622  -0.14612627  -0.16654110  -0.17660722  -0.18877542  -0.09744408  -0.05715061   0.16785552   0.21759470   0.39303305   0.42130175   0.67619356   0.53192099  -0.01134406   0.10603662   0.09368772   0.61482333   0.18891273  -0.06288740  -0.09683784  -0.13572489  -0.06285195   0.27851704   0.03589865   0.14764878   0.11541539   0.46792244  -0.06244494   0.10753239   0.17254354   0.09548919   0.05523324   0.18554397   0.10185772  -0.11080384   0.09601278   0.50543985   0.32742059   0.23109184   0.45228736   0.25560603   0.09873330   0.06883170   0.26901264   0.01198752   0.47056169   0.48059779   0.45916333   0.19654187   0.39850208   0.67864925   0.80575879   0.30099235   0.57624468   0.68581815   0.51826873   0.36382035   0.83349875   0.13805968   0.56431313   0.19944809  -0.00994529   0.19705591  -0.07709237   0.12056054   0.11932681   0.39372426   0.53960027   0.23820888   0.49471532  -0.03137283   0.27304408   0.03387967   0.02109595   0.78797813   0.37371508   0.10788412  -0.10450540   0.53714854   0.06551252   0.21226580   0.55685147   0.46806968   0.34977916   0.43512284   0.12946115   0.11113782   0.27886523   0.08141107   0.17089046   0.42739623   0.08982972  -0.02104664  -0.05910716   0.09275368   0.15674702   0.25514536   0.20454177   0.31058115   0.45300715   0.34000147   0.31310042  -0.14998192  -0.10536293  -0.14984302  -0.23633525  -0.09563242  -0.04078725  -0.04163221   0.31826856   0.32253439   0.49610081   0.79150463   0.34064178   0.65698866  -0.00885201   0.13220352   0.75760420   0.46366313   0.20830865  -0.03861910   0.06762854  -0.02796625  -0.09019721  -0.09359731   0.05553093   0.04603609   0.18437925   0.27131671   0.15053888   0.17296888   0.36239448  -0.00088995  -0.08345293   0.18168863   0.03630411   0.02916130   0.21664446   0.45846715   0.07766339   0.13834476   0.03857507  -0.00438971   0.68455071   0.30486355   0.58546901   0.10200936   0.05837194   0.04853754   0.30747513   0.53224151   0.45576728   0.32346382   0.42550419   0.52972302   0.38243963   0.40531165   0.46863883   0.63695740   0.71135697   0.00000000   0.38605528   0.39204656   0.76028776   0.70853873   0.10086735   0.08715767   0.47146437   0.32350383   0.12634886   0.54492517   0.08558722   0.66750617   0.36555025   0.07237617   0.05106770   0.10190276   0.21144008   0.11641242
 0.12159871   0.34335986   0.32236771   0.27065846   0.26872423   0.22297442   0.05776985   0.12811963   0.05606953   0.18676654   0.06483452   0.27237667   0.04303152   0.04911599  -0.00714533  -0.04596769   0.15010247   0.15767872   0.20230772   0.11108788  -0.03053069   0.02887821  -0.04559353   0.00455981   0.02145702  -0.08106752  -0.05687602   0.03138429   0.10872657   0.18869119   0.26357350   0.18572367   0.25991894   0.31909075   0.00782318   0.11773085   0.06312325   0.37350845   0.19476023   0.08232754   0.06193552  -0.01518567   0.10676525   0.29841277   0.12325480   0.11641449   0.25107361   0.43048408   0.01399634   0.15614623   0.05400127   0.08696303   0.02957101   0.09046858   0.06285012   0.01081888   0.11486386   0.32440932   0.26006525   0.22371738   0.31428027   0.21310691  -0.05996780   0.03431392   0.11268406   0.00434812   0.28319919   0.34391735   0.27723686   0.07673196   0.39005739   0.49376904   0.37788510   0.43295300   0.23608727   0.30383276   0.22837247   0.30332903   0.44386554   0.03820300   0.29351491   0.19260373  -0.04349089   0.09557688  -0.03819083   0.07383026   0.16411943   0.16920996   0.31342193   0.13665064   0.25355648   0.05449439   0.14787701  -0.04123820   0.07544779   0.29906449   0.19028208   0.03247777  -0.07701998   0.26250489   0.08545873   0.16969507   0.37289182   0.35366186   0.22107909   0.30077724   0.14519506   0.11706163   0.30440451   0.13209335   0.16950753   0.24580673   0.08057015   0.06561706   0.02100104   0.07054250   0.14485807   0.17356259   0.16044696   0.15708704   0.30067524   0.18755018   0.21103020  -0.02332177   0.03333616  -0.08905912  -0.10678122   0.00077214   0.06283273  -0.03547871   0.23273878   0.11401402   0.23797507   0.30175510   0.22415173   0.37716471   0.03397923   0.10556502   0.37899533   0.29341634   0.16409987   0.14071686   0.03613770   0.03627981   0.02167316   0.07777443   0.12590853   0.12325392   0.26843467   0.24756935   0.35885896   0.22154802   0.43138071   0.06581457  -0.03429644   0.23174207   0.07079870   0.02610425   0.01627428   0.34951904   0.08871887   0.11402350   0.00116874   0.01762266   0.38808026   0.26435453   0.30329455   0.10894885  -0.03300450   0.07846035   0.11932661   0.32444617   0.41854208   0.29046597   0.23564693   0.33277147   0.22752176   0.42477474   0.34299820   0.28590047   0.44683351   0.38605528   0.00000000   0.32785472   0.39384831   0.46295148   0.07554623   0.08400452   0.16787148   0.22781028   0.06463181   0.36532737   0.05462748   0.23130342   0.19957684   0.01595800  -0.01220813   0.01922670   0.17359551   0.21027943
 0.18638229   0.17306305   0.31966924   0.05139922   0.19977389   0.08515845   0.16115838   0.18192383   0.17015487   0.25451035   0.17682680   0.25192512   0.09691472   0.13842247   0.11852020   0.06088155   0.13463422   0.17708004   0.24892768   0.13242033   0.00781405   0.09149327   0.07607476   0.07839599   0.08010645   0.00388102   0.07480223   0.11621686   0.17051697   0.13480184   0.34294243   0.09562226   0.22456423   0.31850825   0.16454410   0.09756439   0.05560598   0.29189590   0.18496156   0.13851957   0.09440831   0.03298893   0.18603441   0.33400330   0.13833650   0.16398029   0.37598279   0.45118762   0.02463216   0.18848153   0.12950077   0.11065362   0.04386958   0.15730815   0.13851694   0.03833482   0.07736791   0.28473676   0.26231074   0.11026217   0.28389534   0.22489730  -0.02905827   0.15434371   0.10221236   0.02634965   0.34000533   0.62510732   0.41435255   0.26795385   0.37040084   0.47315881   0.33043214   0.25323075   0.32499853   0.32477842   0.27687093   0.30061006   0.38654797   0.07072078   0.28556797   0.27767619   0.03749587   0.26455701   0.04576579   0.25200995   0.48714393   0.34478127   0.40125246   0.31672753   0.42450281   0.20651873   0.11896173   0.30159025   0.25403986   0.38869392   0.30181389   0.13998445  -0.00687034   0.55496623   0.17677072   0.10234420   0.31316534   0.15198610   0.13352731   0.18197831   0.22824756   0.22898595   0.29156067   0.21200616   0.21686775   0.22423922   0.20028074   0.12914147   0.10950228   0.17746064   0.11087348   0.21805227   0.20000575   0.21114976   0.25880188   0.21279747   0.21470349   0.10263611   0.12445933   0.05789534   0.02149527   0.06896760   0.15751660   0.09386666   0.22827410   0.35090397   0.12287433   0.27568799   0.21097967   0.34216553   0.12216459   0.17650038   0.31902162   0.18496101   0.16932718   0.20076331   0.14543334   0.09211948   0.10002059   0.12118015   0.18282691   0.16219613   0.30605446   0.24924469   0.48936658   0.31462279   0.38083829   0.14709849   0.00151567   0.27478401   0.06612562   0.14083801   0.10645183   0.44025561   0.15265586   0.24460173   0.06645453   0.08956098   0.40904471   0.35032714   0.40222747   0.28747174   0.10764716   0.05346894   0.33185365   0.33073137   0.67356673   0.45349579   0.54626908   0.61078904   0.41588838   0.48675648   0.59488174   0.48318571   0.33812701   0.39204656   0.32785472   0.00000000   0.45373849   0.43539801   0.08132054   0.08810771   0.33397438   0.58589348   0.15280692   0.51318207   0.39963543   0.49042984   0.30039069   0.14260734   0.07360930   0.08553980   0.23135695   0.52324692
 0.06801403   0.39356246   0.36218344   0.26421623   0.30087470   0.20076772   0.08748250   0.10710071   0.12127245   0.20038046   0.12036634   0.29538911   0.04039795   0.13570228   0.09687137   0.04228017   0.19962486   0.24699611   0.34800022   0.21346533  -0.13044265  -0.05328816  -0.06713819  -0.09937276  -0.17926163  -0.10905684  -0.03415295   0.02080348   0.16966716   0.18294500   0.38023528   0.32165400   0.59790153   0.50369625   0.02296062   0.14337644   0.10772290   0.52069551   0.20735881  -0.05499984  -0.06914938  -0.11340408  -0.06246012   0.27049831   0.08413858   0.16117921   0.11082447   0.56689687  -0.05882941   0.12603721   0.22879227   0.11028097   0.04571615   0.21257184   0.11823759  -0.05429649   0.08472286   0.48547320   0.34618142   0.18368333   0.43433754   0.31362401   0.08147994   0.04765870   0.26002200   0.03657323   0.50900307   0.56621522   0.53511672   0.24928330   0.46507653   0.64828778   0.66641249   0.32169518   0.68180093   0.79193170   0.58243108   0.40630897   0.76044336   0.18203286   0.64438694   0.26401186   0.00597794   0.31224632  -0.08200784   0.13364299   0.19208635   0.44606071   0.63907170   0.26147937   0.53571263  -0.00860642   0.30072297   0.04916933   0.00651747   0.76381679   0.43766450   0.11486690  -0.08027355   0.60431001   0.06572563   0.16181210   0.50071196   0.39720440   0.24548105   0.31668966   0.16121480   0.13619377   0.29356197   0.10651160   0.17234376   0.32894353   0.18827299   0.03973393   0.00729156   0.19402090   0.18063191   0.32769573   0.25918253   0.32196696   0.41369523   0.34358060   0.33268070  -0.05377257  -0.00306460  -0.07233785  -0.14520129  -0.03794365   0.02612097   0.03425431   0.30698782   0.36823577   0.37765375   0.63480773   0.28760343   0.58725135   0.01807312   0.18142120   0.59904378   0.35776821   0.21914308  -0.04807965   0.09183741  -0.00917862  -0.03945772  -0.07015382   0.08229328   0.09356658   0.20909313   0.28028049   0.18703081   0.19549636   0.42683068   0.01420774  -0.09943125   0.24934843   0.04747082   0.03665429   0.24557403   0.56410032   0.11297053   0.17933905   0.03509671   0.00283964   0.70985312   0.29852973   0.62574140   0.09845969   0.08168375   0.09601438   0.40045284   0.57602192   0.55843628   0.40399346   0.50416599   0.63674257   0.46037821   0.51191434   0.49723448   0.75025810   0.57312689   0.76028776   0.39384831   0.45373849   0.00000000   0.71537573   0.12631636   0.11135513   0.52638685   0.37200359   0.12583293   0.63744977   0.09010139   0.72824563   0.39545682   0.09124997   0.06815958   0.12108146   0.20742327   0.13225454
 0.01687884   0.34033524   0.34375302   0.19078778   0.25033523   0.12856958   0.09562568   0.06767541   0.10895045   0.19770942   0.11110484   0.21727347   0.02706673   0.05945733   0.04194286   0.02764857   0.15031814   0.18263357   0.23523497   0.13145192  -0.14395914  -0.06534141  -0.06321471  -0.10891062  -0.21166861  -0.12286518  -0.05189920  -0.02713667   0.17571666   0.13589894   0.34039578   0.18559530   0.46760588   0.33311146  -0.04519327   0.08386080   0.05376017   0.39732328   0.14553548  -0.05873283  -0.04310147  -0.12327084  -0.07119775   0.24131698   0.06419668   0.10052424   0.04655255   0.39261578  -0.07829537   0.15875085   0.27368548   0.16096968   0.02501995   0.18569028   0.11996690  -0.04379811  -0.00015282   0.38083861   0.20089122   0.14893999   0.33584978   0.19624418   0.06139686  -0.01509694   0.18877779   0.08447174   0.39990108   0.44838801   0.39088580   0.12644439   0.31578701   0.67055502   0.56827546   0.36744808   0.69951596   0.66879388   0.70056048   0.45385193   0.74059248   0.25017213   0.67696847   0.31800739   0.01416565   0.31350465  -0.02840972   0.14645691   0.23025294   0.49030040   0.56159415   0.25103427   0.43955597   0.02710711   0.24451398   0.05740414   0.06383899   0.73202974   0.49140661   0.17443055  -0.10926893   0.63772166   0.02693951   0.12115043   0.48264865   0.35427538   0.22542147   0.26670565   0.12465822   0.11446031   0.28852479   0.09123528   0.15596886   0.26003516   0.08338018  -0.01503984   0.00215532   0.10940481   0.08363611   0.23417531   0.17189072   0.23134443   0.33489299   0.26896551   0.23284940  -0.05208668  -0.00629704  -0.08946711  -0.14078407  -0.03330416  -0.00162828   0.00576184   0.23788430   0.34466917   0.30303346   0.51128531   0.15392920   0.41963086  -0.01548495   0.13646159   0.51252900   0.30759276   0.13434857  -0.06011166   0.02466523   0.03206439  -0.03038250  -0.06861079   0.05471329   0.09605697   0.21974506   0.18353039   0.09557229   0.08303250   0.20863078   0.01911715  -0.09241835   0.21559395   0.04481771   0.09728468   0.28711728   0.55528073   0.10989825   0.15907618   0.07549874   0.03500975   0.58520557   0.16014199   0.44779747   0.00931742   0.09059058   0.09374762   0.39318603   0.43524815   0.49541965   0.23556503   0.36828540   0.44422528   0.35371571   0.31743388   0.37561663   0.63031156   0.55218932   0.70853873   0.46295148   0.43539801   0.71537573   0.00000000   0.16161681   0.10073222   0.53416426   0.37105715   0.13194704   0.51530678   0.12765506   0.72429311   0.47018835   0.11244734   0.05139456   0.04467313   0.14897271   0.11309916
-0.01453948   0.00262939   0.04318529  -0.00894426   0.01125811  -0.00959354   0.03085861   0.01366223   0.02792398   0.03216491   0.02349132   0.00820372   0.01602302   0.02228917   0.02417006   0.03217748  -0.00014367   0.01820728   0.03591943   0.00026785  -0.00208259   0.03248497   0.00517374  -0.01789105  -0.03093659   0.00832082   0.01769622   0.00214502   0.01158480   0.00818295   0.04293407  -0.01176108   0.03682068   0.01276770   0.00927208   0.00669368   0.01734015   0.00947817   0.01467124  -0.03114359   0.01848769  -0.01753391  -0.01199631   0.04951166   0.02133464   0.01317541   0.00894123   0.08890198  -0.00519063   0.11052984   0.08101498   0.05036764   0.01206658   0.05376278   0.04309060   0.01156240   0.00072265   0.02691332   0.03020882   0.00465627   0.05211183   0.01520107   0.00416752  -0.01885383  -0.02210928   0.06383657   0.05915466   0.10052521   0.03192905  -0.02268644   0.02098859   0.11294171   0.06416791   0.07885686   0.12666608   0.13442985   0.13606883   0.10393035   0.11624371   0.08784044   0.15398163   0.12428459   0.01199283   0.08019311   0.02070024  -0.00196426   0.03064097   0.11855942   0.09558403   0.03972531   0.06835535   0.06088807   0.02796554   0.00077382   0.02796071   0.13534694   0.09716422   0.07678735   0.00942444   0.11045254  -0.00099472   0.00689209   0.05672522   0.00163247   0.02017191   0.00588811   0.00099769  -0.00111732   0.02059847   0.01251200   0.01824932   0.00958660   0.03202972  -0.02093088  -0.00139776   0.02690323  -0.00235818   0.04859420   0.02877520   0.01042684   0.03240193   0.05074767   0.02536964   0.02957475   0.03103222   0.00464944  -0.00316831  -0.01165239   0.01857808   0.03084547   0.02420639   0.07111667   0.00815034   0.03304257  -0.01616629  -0.00601705  -0.00439696   0.00229338   0.04052212   0.00752057   0.00430058  -0.03057302  -0.02070978  -0.00347340  -0.00140556  -0.02605626  -0.00406572   0.01801720   0.05805874   0.00783831   0.01294758  -0.02166183   0.00876874   0.03513773   0.02891544   0.09729569   0.01525169   0.06476812   0.10652995   0.13768871   0.05727760   0.05075675   0.01056052   0.00688023   0.04632415  -0.02421391   0.08696022  -0.01649271   0.01334766  -0.00136565   0.07813155   0.03652519   0.06538823   0.03140497   0.00001281   0.03521489   0.05166951  -0.00176934   0.04207235   0.11532651   0.05413017   0.10086735   0.07554623   0.08132054   0.12631636   0.16161681   0.00000000   0.05356242   0.11062629   0.03779665   0.02314458   0.05210911   0.03378714   0.13895931   0.11284976   0.04703294   0.01646392   0.01365462   0.01392586   0.05209541
 0.05425973   0.02049231   0.11394169   0.02752611   0.06742658   0.04548879   0.05639347   0.08258070   0.02281207   0.10132055   0.06816008   0.09790555   0.08355138   0.07676983   0.07298872   0.03590725   0.09847537   0.11411571   0.08715039   0.07683263   0.02497596   0.06076707   0.05417926   0.02615541   0.03928712   0.03202587   0.04234883   0.08365067   0.05795743   0.04640791   0.10621538   0.02137351   0.04893962   0.06301094   0.05085495   0.04950307   0.05720651   0.08650294   0.10091951   0.06065424   0.06294789   0.02200284   0.07674518   0.12301958   0.10689223   0.08434412   0.09349452   0.12874865   0.03253578   0.09499713   0.07511971   0.03230862   0.03142498   0.02731916   0.03431741   0.00536185   0.06711383   0.04460964   0.08226943   0.02379924   0.13153317   0.07278198   0.02139733   0.03430741   0.06526738   0.00236597   0.09642990   0.08906742   0.09347771   0.01652718   0.07027946   0.12019826   0.07513187   0.06851744   0.06578440   0.09655891   0.09962974   0.10026275   0.08791851   0.04546888   0.09948608   0.08139830   0.00885300   0.01827893   0.00499101   0.03448946   0.03121173   0.10942721   0.12371067   0.02039659   0.11433359   0.08376519   0.09643880  -0.00167570   0.04074913   0.07726430   0.11990300   0.01471294   0.00341278   0.10560047   0.06024038   0.06060236   0.10010031   0.05386076   0.06073568   0.07829530   0.09187916   0.08823467   0.09964698   0.08647839   0.08582168   0.08065489   0.08893217   0.08152359   0.07808434   0.07196980   0.03989715   0.10597510   0.08778009   0.08660554   0.10431768   0.07921906   0.10032773   0.05215511   0.03671755   0.03465255   0.02855766   0.03687575   0.06101047   0.06510102   0.08767622   0.09106242   0.03951359   0.04917225   0.02724739   0.07065989   0.03634914   0.06204620   0.06827054   0.07670055   0.08941655   0.07424056   0.04635460   0.06744664   0.05085638   0.05827406   0.09031348   0.10193264   0.11329960   0.11673150   0.08825741   0.06695727   0.08965669   0.03648778   0.01609900   0.12422942   0.00358757   0.05056197   0.04411000   0.07835119   0.05569270   0.03648802   0.01154829   0.02737565   0.06685466   0.05496010   0.07994406   0.05933684   0.04273960   0.06120434   0.04823892   0.07304602   0.06288552   0.04732046   0.07835843   0.06916534   0.07219273   0.06648578   0.10575562   0.06345306   0.08251446   0.08715767   0.08400452   0.08810771   0.11135513   0.10073222   0.05356242   0.00000000   0.08587492   0.09246105   0.04141403   0.11501865   0.03985589   0.08623960   0.11512923   0.04285483   0.00316491   0.02293731   0.10161844   0.05850473
 0.11313459   0.16023667   0.27883659   0.11018726   0.12762415   0.10650658   0.16026600   0.17570001   0.14612698   0.23699753   0.24400168   0.25453129   0.17768705   0.27229735   0.25079205   0.22658189   0.22075795   0.27244646   0.38151599   0.27490083   0.00042010   0.03278065   0.11787870   0.06630682  -0.11370474   0.08937547   0.18481597   0.19379213   0.29694397   0.14917153   0.34799122   0.11799062   0.37292226   0.20186841   0.16640594   0.17064596   0.14009887   0.29840008   0.20736253   0.01343833   0.02843912  -0.03275914  -0.01798294   0.21343495   0.10043251   0.26696523  -0.11747588   0.15070125  -0.08820429   0.09499910   0.37145714   0.15999486   0.08889474   0.21359902   0.23471499  -0.00833534   0.08752743   0.11824768   0.00581151  -0.09683526   0.18981374   0.10312354   0.24253943   0.03322469   0.31865858   0.06013419   0.31312162   0.23414572   0.34918590   0.22700721   0.05293642   0.27415272   0.33960943   0.02413540   0.57233386   0.46818243   0.67683340   0.28880062   0.42893442   0.26390576   0.60660828   0.27175923   0.23513242   0.32788868   0.12426749   0.30477042   0.35675603   0.77890067   0.68410768   0.32943407   0.57652158   0.22432786   0.26326632   0.32951035   0.22949835   0.50151526   0.46090219   0.14183282   0.05339503   0.63116543   0.14196263   0.16594533   0.33899672   0.16780107   0.19996822   0.21658124   0.17174313   0.17352096   0.19855537   0.16503634   0.17974053   0.25715349   0.27561032   0.17499004   0.16676775   0.30464163   0.20693436   0.37792435   0.30634771   0.33105452   0.34975260   0.37712273   0.32109585   0.08175536   0.08892135   0.11304175   0.05049659   0.10460807   0.17752340   0.23107307   0.30975507   0.51634529   0.19788571   0.37318104   0.05958149   0.31061056   0.16502923   0.26076949   0.32918478   0.26776117   0.19714714  -0.00784374   0.15863615   0.09015570   0.08696240   0.01213128   0.13014074   0.18004720   0.12198480   0.29604696  -0.12261994   0.10148041  -0.02468058   0.07330692  -0.11845390   0.10354385  -0.01303959   0.27477371   0.40808310   0.56371725   0.23370316   0.23162935   0.11017558   0.16722477   0.34254285   0.02124246   0.23240753   0.02775824   0.33890796   0.09857109   0.51220779   0.24517817   0.26247188   0.00605946   0.42278946   0.39444781   0.37761194   0.13425991   0.48334623   0.52226101   0.23201123   0.47146437   0.16787148   0.33397438   0.52638685   0.53416426   0.11062629   0.08587492   0.00000000   0.43840055   0.32098302   0.66966564   0.36880259   0.63906060   0.39392087   0.14261693   0.22058956   0.13732054   0.20582351   0.11963950
 0.29133544   0.16541020   0.39381498   0.12559098   0.19499186   0.16644570   0.20092313   0.29146873   0.19096654   0.33281627   0.29221751   0.34543730   0.21129077   0.31207322   0.26759481   0.18749701   0.29687922   0.30569917   0.35381655   0.29086525   0.07539936   0.17693185   0.17689991   0.17199930   0.06269224   0.10919245   0.20371730   0.27121063   0.32352407   0.23433914   0.41519488   0.13815530   0.27860450   0.27681842   0.22261477   0.19524788   0.14695196   0.28331164   0.28810432   0.14782917   0.13019165   0.01880554   0.13761905   0.34654303   0.19587604   0.23419369   0.13933377   0.23208509  -0.00935998   0.13339967   0.24826222   0.10054257   0.05920580   0.14281481   0.18410571   0.09121871   0.17863742   0.20823272   0.14451085   0.00362301   0.22787282   0.18038597   0.15339427   0.09632379   0.28194941   0.02527458   0.43080593   0.36227747   0.42262222   0.31837578   0.19501624   0.35166551   0.22287300   0.15455474   0.33251613   0.27503688   0.36231457   0.25479452   0.28329521   0.10118442   0.29884980   0.21658020   0.11841890   0.28796845   0.10276234   0.37031139   0.40737079   0.36588370   0.38554095   0.36482487   0.40428653   0.21505637   0.19957628   0.35961695   0.26364040   0.32678962   0.38029239   0.13767842   0.10534178   0.57130225   0.29376158   0.24203685   0.33398762   0.18022391   0.25429659   0.27226266   0.32128069   0.27817659   0.36487990   0.32015238   0.31202374   0.30173055   0.32391037   0.29449801   0.21928882   0.32667130   0.27102660   0.40041103   0.36735459   0.32233755   0.32949892   0.29623581   0.33243228   0.21559245   0.25493165   0.12773571   0.11470067   0.18633563   0.29007725   0.26289743   0.36136996   0.50076146   0.19264348   0.22653473   0.20237192   0.34574844   0.20209338   0.27692070   0.21504475   0.27541707   0.26992027   0.20617573   0.25934486   0.14883844   0.18168669   0.13990245   0.22535292   0.22327102   0.23361816   0.35751498   0.17171325   0.30095643   0.15639244   0.09506101  -0.01787244   0.14431489   0.03909520   0.17002014   0.16932120   0.36436805   0.21861967   0.24835759   0.08984717   0.17683799   0.32959146   0.22335785   0.25216861   0.20074809   0.28224902   0.09053112   0.37334681   0.38044247   0.42543779   0.23830862   0.57831424   0.53910056   0.45399178   0.34756429   0.49616634   0.39472739   0.26657733   0.32350383   0.22781028   0.58589348   0.37200359   0.37105715   0.03779665   0.09246105   0.43840055   0.00000000   0.24634226   0.47031357   0.43040795   0.44479753   0.35585484   0.13315562   0.20027403   0.20765226   0.36455644   0.34756426
 0.22130138   0.01747888   0.18336489   0.08790502   0.10133053   0.12745395   0.23877395   0.26427952   0.17006946   0.25091882   0.30982714   0.28087923   0.23254666   0.33408145   0.27284820   0.23636260   0.21051416   0.25088485   0.33717587   0.24998870   0.23782232   0.27888918   0.27262014   0.30007539   0.18843092   0.27669977   0.33078071   0.32538702   0.29503438   0.18475657   0.27368980   0.06959906   0.14616080   0.11588258   0.31662865   0.20032718   0.18837567   0.19588654   0.22309612   0.19620726   0.21422808   0.11783929   0.14593535   0.23250089   0.22305950   0.28111357  -0.01208115   0.06640965   0.06323721   0.11614556   0.17746552   0.04658548   0.08334134   0.06351602   0.20923554   0.16444606   0.22044102  -0.04664105   0.08702719  -0.05558194   0.13848151   0.06751859   0.15666993   0.16172469   0.21125858   0.03474463   0.12300393   0.03520127   0.10598868   0.05658431  -0.04226063   0.11516188   0.11488938   0.03003737   0.08741999   0.09581731   0.24242638   0.10881714   0.07655839   0.04759597   0.11130294   0.09570072   0.30392263   0.09643267   0.27170277   0.31534540   0.11547297   0.28811706   0.27697379   0.07720165   0.25816669   0.25666496   0.13682965   0.13451137   0.16317487   0.06781730   0.27755633   0.13153312   0.29910947   0.24302824   0.31533723   0.22915377   0.11877630   0.05775459   0.18942820   0.20229266   0.21196055   0.20443186   0.16347029   0.23978873   0.29492493   0.22627765   0.30747895   0.31012085   0.26183628   0.30053056   0.25873531   0.30079263   0.28825311   0.23752645   0.25436127   0.25000128   0.25397112   0.25972270   0.29314869   0.19600672   0.21170713   0.24534588   0.33813583   0.32776019   0.31872169   0.36902836   0.08619062   0.10949568   0.07408376   0.14085829   0.30551326   0.26239871   0.09063861   0.20663598   0.18407796   0.19494672   0.23735974   0.16705498   0.28768099   0.23914764   0.20166033   0.17267351   0.16511151   0.31316321  -0.03430324   0.08508232   0.03590814   0.08877435   0.01343588   0.08034604  -0.01912482   0.23427429   0.11791433   0.17867511   0.27650488   0.14904495   0.11953608   0.24114592   0.05649818   0.09378197   0.10653941   0.09012910   0.29468196   0.04103049   0.24033983   0.06090528   0.01838543  -0.03071759   0.19803802   0.14907469   0.13853758   0.02726764   0.27353024   0.12364454   0.12805502   0.12634886   0.06463181   0.15280692   0.12583293   0.13194704   0.02314458   0.04141403   0.32098302   0.24634226   0.00000000   0.24258068   0.23745468   0.14179044   0.26135940   0.15672731   0.41437933   0.23065416   0.22148081   0.22252713
 0.21678727   0.33192795   0.38290626   0.28549700   0.27508280   0.28419916   0.15360465   0.24000742   0.13730448   0.26271065   0.21616544   0.41889834   0.16452257   0.23842651   0.18865585   0.11094770   0.24621363   0.25868847   0.45794403   0.27607848   0.00519330   0.04754955   0.08203242   0.06491496   0.00280326   0.03639025   0.11628065   0.18584417   0.24299990   0.24251763   0.38244378   0.22413826   0.44693601   0.40548293   0.14890874   0.19545872   0.13235370   0.46909068   0.25051615   0.03223578   0.05614495  -0.03168539   0.09561583   0.34595790   0.13866918   0.29614228   0.10891943   0.41764711  -0.06381200   0.11209787   0.19668222   0.13737924   0.07231844   0.21378467   0.19146062  -0.00161850   0.13333648   0.29870669   0.19509251   0.03561655   0.30738136   0.22821917   0.13664148   0.07117892   0.29308290   0.02334270   0.37480381   0.45610763   0.52251931   0.32872372   0.36153527   0.41201249   0.47638684   0.21210830   0.50964386   0.50681264   0.51763761   0.35642941   0.55179524   0.12459406   0.49040256   0.24331167   0.16295333   0.31334504   0.06115997   0.35629871   0.46480315   0.64848416   0.81542028   0.36210805   0.75095331   0.24776588   0.29295427   0.35409394   0.28698464   0.49153595   0.34338685   0.07769973   0.01186582   0.60303074   0.22011289   0.26058797   0.46814076   0.33704481   0.29420266   0.39063042   0.26455535   0.21228081   0.29971695   0.21730607   0.26113709   0.38918848   0.30198484   0.19595725   0.14656731   0.28961504   0.24735015   0.38991812   0.33660034   0.32319811   0.48630240   0.41693614   0.37778666   0.06576998   0.06863625   0.05630453  -0.01771368   0.06579664   0.18299015   0.16590335   0.37348692   0.40623442   0.28959125   0.47066119   0.24963298   0.52254469   0.12239749   0.25748127   0.48636520   0.35801229   0.23346329   0.06988779   0.17076105   0.05647538   0.05989475   0.06280109   0.15142439   0.19871745   0.21168016   0.40188767   0.23580045   0.25843376   0.34756518   0.08263852  -0.10651285   0.20682968   0.04653631   0.16624551   0.21723859   0.61104768   0.20745101   0.28169003   0.08084437   0.07818548   0.49609445   0.22645641   0.37150031   0.18036072   0.19751694   0.10023662   0.39815198   0.39111475   0.55731962   0.28927786   0.57058497   0.60772348   0.48601638   0.49522740   0.75977547   0.60435040   0.41384956   0.54492517   0.36532737   0.51318207   0.63744977   0.51530678   0.05210911   0.11501865   0.66966564   0.47031357   0.24258068   0.00000000   0.40545437   0.55276364   0.30794657   0.09217183   0.14170438   0.14014220   0.22761897   0.26494271
 0.18620490   0.01356936   0.14013230   0.00367606   0.02303239   0.04880001   0.14769276   0.19025739   0.09717116   0.18492578   0.22153901   0.18154952   0.17740686   0.23103122   0.23471898   0.21493880   0.12751330   0.13636538   0.24245319   0.16544169   0.11326900   0.13336606   0.20772441   0.16686765   0.12096621   0.18782169   0.25534165   0.22892436   0.18602723   0.07894751   0.16443411  -0.01339567   0.06212147   0.09134057   0.20149167   0.14382124   0.07189938   0.07821365   0.08307852   0.07619804   0.12190638   0.04410705   0.18155013   0.16276099   0.08799858   0.19964971   0.10302509   0.02088709  -0.00893615   0.09789863   0.17303434   0.09341234   0.01251370   0.07169602   0.15997271   0.07936045   0.00436548   0.05476964   0.04089027  -0.08036798   0.00690029   0.08856403   0.22069916   0.13318495   0.14197961   0.02168907   0.12613596   0.23651690   0.25116150   0.30294526   0.02239686   0.04195747   0.01773687  -0.01889315   0.16152715   0.04490621   0.23011105   0.10607398   0.06548755   0.06360794   0.11152467   0.16439442   0.17523814   0.18888380   0.20098588   0.40967618   0.41023342   0.39392177   0.33252067   0.32351106   0.40721662   0.39823858   0.13316986   0.50863898   0.48459162   0.05540101   0.17700086   0.08714871   0.15728347   0.33663752   0.19525053   0.09324401   0.10819515  -0.00696189   0.05461077   0.10402899   0.21413247   0.16991725   0.13854460   0.20402621   0.18953889   0.13197219   0.25282270   0.19539280   0.19217977   0.25515568   0.10800823   0.22077559   0.20187242   0.14136698   0.15586125   0.20852691   0.16902149   0.19390674   0.17550807   0.20011427   0.17600541   0.17172054   0.23901998   0.26433424   0.14366145   0.27029543  -0.00574520   0.03483144   0.05984190   0.13356548   0.15756768   0.19305312   0.03995604   0.07239666   0.05387691   0.08217048   0.15145085   0.15167176   0.14878484   0.13622897   0.12759598   0.15605430   0.09705272   0.18217821   0.11082451   0.21339062   0.00420476   0.16723008   0.00039038   0.08102065   0.02201937   0.23364486   0.12412881   0.22195874   0.18929737   0.21160392   0.05291036   0.12823495   0.12322314   0.09333587   0.03159732   0.25663388   0.28950126   0.07247193   0.22530726   0.08189984   0.27329595   0.14844956   0.44568973   0.34576802   0.31520736   0.13034855   0.45986728   0.19387779   0.00236995   0.08558722   0.05462748   0.39963543   0.09010139   0.12765506   0.03378714   0.03985589   0.36880259   0.43040795   0.23745468   0.40545437   0.00000000   0.21882978   0.15885413   0.11856753   0.16949303   0.10276294   0.10351193   0.27423455
-0.04633765   0.17067773   0.26185773  -0.00094536   0.12398069  -0.03845068   0.09053397   0.04174056   0.12264023   0.15626045   0.10548139   0.11418407   0.04605336   0.09361977   0.10909062   0.10114100   0.10400266   0.17001898   0.25263001   0.13795586  -0.14355983  -0.08128497  -0.03182960  -0.11246005  -0.27019471  -0.07997581   0.02798224   0.00395160   0.16505913  -0.00459227   0.28721701   0.13894812   0.47751538   0.28892629  -0.00888911   0.05925883   0.01515308   0.28602084   0.08591165  -0.11286964  -0.11059742  -0.12219583  -0.14669752   0.13473486   0.01322864   0.09329390  -0.03631020   0.25764408  -0.11918893   0.05760425   0.32860121   0.11214772   0.03836899   0.21674991   0.14408330  -0.07562361  -0.08984681   0.35130445   0.13623324   0.04506507   0.23231674   0.20542968   0.17768206   0.00154691   0.21612685   0.07897901   0.45949474   0.48670720   0.47854618   0.29346640   0.20290775   0.53540819   0.48908063   0.14410611   0.81282699   0.71535662   0.72705296   0.37369729   0.64655920   0.29603347   0.67516893   0.25952993   0.04630968   0.40168840  -0.04939480   0.17244784   0.28540238   0.56312802   0.59143061   0.31722220   0.50892373   0.04898074   0.25296842   0.21087134   0.08596893   0.80271734   0.52007083   0.18392167  -0.08178955   0.73859232  -0.01173248  -0.02657578   0.36022561   0.15419878   0.08987541   0.10979442   0.09375712   0.10726467   0.19477749   0.07407534   0.09232000   0.17079722   0.12297473  -0.00312897   0.02608614   0.16987378   0.03172413   0.25476517   0.17789220   0.24565951   0.25990954   0.26888040   0.21299476  -0.01222273  -0.02192451  -0.01378305  -0.07752437  -0.01749704   0.02401927   0.10062304   0.16617677   0.43954749   0.23602720   0.50214350   0.08469059   0.36622573  -0.00469083   0.13930132   0.42381808   0.19165231   0.08643598  -0.13749829   0.05751627  -0.00994699  -0.04971717  -0.13948936   0.01979832   0.07602848   0.09845420   0.12975826  -0.06137924   0.05359572   0.01215727   0.00667989  -0.11478008   0.14029094  -0.00873687   0.10667533   0.39290905   0.52580454   0.10899436   0.18696793   0.08439774   0.01541011   0.62720609   0.10196185   0.45078955  -0.00841444   0.14637749   0.08257369   0.49603226   0.45894904   0.51371686   0.23990166   0.48830350   0.55119437   0.45702470   0.23765681   0.38689102   0.73862579   0.35748211   0.66750617   0.23130342   0.49042984   0.72824563   0.72429311   0.13895931   0.08623960   0.63906060   0.44479753   0.14179044   0.55276364   0.21882978   0.00000000   0.47132781   0.15104894   0.07428122   0.08073810   0.10606584   0.08998147
 0.25117786   0.05329345   0.36861209   0.03188711   0.21167974   0.08520247   0.32162915   0.33358867   0.30023705   0.42483784   0.40984901   0.32383383   0.27300212   0.38568486   0.34160804   0.25902015   0.31234273   0.38120527   0.41003553   0.33283879   0.11547790   0.24597139   0.22284465   0.22340907   0.02555889   0.16530876   0.27818147   0.34646268   0.35149620   0.17882283   0.45067757   0.06890218   0.32060712   0.23526869   0.27076340   0.21160750   0.17654634   0.27386665   0.34361828   0.21313273   0.15988284   0.06330296   0.12392467   0.35130972   0.29040638   0.32124229   0.06338860   0.26803210   0.07217709   0.16950260   0.33171917   0.05883496   0.06982417   0.11368637   0.18615357   0.10227345   0.21318737   0.07262322   0.16820233  -0.01135569   0.34592515   0.23304345   0.20326194   0.17805774   0.31612807   0.08071056   0.35640853   0.22703131   0.28156503   0.15437009   0.06109338   0.47736111   0.28445194   0.11583398   0.32193237   0.39526017   0.49035265   0.22705605   0.29465437   0.19612900   0.36682945   0.23850899   0.09583819   0.14262227   0.08396379   0.20912915   0.01350422   0.33070116   0.34226542   0.18338341   0.33562874   0.12474939   0.25193183   0.05198328   0.07557623   0.42451011   0.72438427   0.29638115   0.12385222   0.44542850   0.31674920   0.23684113   0.28349535   0.10027559   0.26088097   0.23819257   0.34239323   0.38905011   0.37552488   0.39743078   0.43871463   0.33895601   0.34327676   0.34480477   0.30413000   0.36223094   0.23378133   0.43444930   0.37966451   0.36825852   0.38394905   0.34978729   0.35391358   0.26325090   0.26150446   0.16874249   0.17760343   0.25631159   0.32420897   0.33174101   0.35040838   0.49616408   0.17606881   0.25947526   0.08057540   0.20224323   0.26225181   0.29173203   0.23990925   0.26297362   0.30961591   0.21186436   0.26879444   0.14993425   0.25508598   0.17931982   0.28336275   0.20049848   0.28059971   0.41648745  -0.01134480   0.15647783   0.09794488   0.04864542  -0.02455205   0.17969747  -0.05134852   0.20384448   0.23451752   0.30011053   0.18170195   0.12669452   0.15801386   0.23814540   0.22321665   0.13409601   0.35637398   0.09736877   0.31538710   0.07994012   0.26741664   0.27908526   0.13003501   0.05381698   0.34426859   0.29039947   0.32064482   0.11535132   0.30960608   0.37956229   0.32444028   0.36555025   0.19957684   0.30039069   0.39545682   0.47018835   0.11284976   0.11512923   0.39392087   0.35585484   0.26135940   0.30794657   0.15885413   0.47132781   0.00000000   0.31702284   0.25728557   0.18777714   0.31504415   0.23221806
 0.16620784  -0.06188373   0.09269463  -0.06132492   0.08337432   0.00110121   0.24981453   0.15055478   0.18249201   0.19135013   0.21989446   0.09789818   0.12720892   0.19445722   0.18430842   0.16386051   0.09992945   0.12673385   0.17259754   0.11888781   0.13940638   0.18997204   0.15508327   0.18253079   0.07122108   0.14241021   0.20018976   0.20869496   0.20750877   0.07062807   0.18489707  -0.00133764   0.08423398   0.06524745   0.20278773   0.10851661   0.07913778   0.05221319   0.12104870   0.15659155   0.12502220   0.08378618   0.09593615   0.15657290   0.11589134   0.14731972   0.04491231   0.05740773   0.06678282   0.05701037   0.11625941  -0.01864849   0.02600052   0.02929529   0.10734413   0.06884967   0.08209996  -0.05666823   0.08202333  -0.01013858   0.11577193   0.08730952   0.10554253   0.14637545   0.10857603   0.01388830   0.06753580   0.06681601   0.05344105   0.05189771  -0.03356404   0.15341242   0.05636452  -0.01229147   0.03454202   0.07756692   0.12628072   0.04935485   0.01050239   0.07407718   0.07278071   0.08524558   0.05497402   0.01046709   0.09232840   0.08783393  -0.02876665   0.11004249   0.09633429   0.04748632   0.09211636   0.09080274   0.07169627   0.02869495   0.04285792   0.09784822   0.30672730   0.20269079   0.14365000   0.13512929   0.23552800   0.10385235   0.00954171  -0.04528898   0.10028225   0.03493026   0.15030341   0.23796970   0.10592931   0.19800743   0.19150608   0.10334387   0.17133007   0.18126766   0.17608629   0.16854045   0.10742969   0.15524597   0.14188301   0.14447996   0.12153730   0.12743800   0.12227330   0.20191694   0.18687486   0.15392377   0.18837812   0.16028453   0.18427082   0.20318590   0.17827958   0.21103178   0.04092694   0.05553149   0.04004461   0.02449518   0.18218351   0.15279682   0.04803164   0.05182574   0.10427857   0.13276349   0.16123101   0.10760398   0.19408587   0.13092803   0.16426148   0.09032392   0.10535130   0.15959944  -0.01893576   0.05962076  -0.00504994   0.05537636   0.03262668   0.07824319  -0.05237516   0.12542346   0.09195703   0.07889550   0.13035031   0.05933052   0.11002450   0.19778132   0.02635363   0.04710938   0.11271452   0.06541602   0.21377682   0.02451010   0.10555234   0.02616391  -0.00459313  -0.01166599   0.13828810   0.09851628   0.12309485  -0.00968856   0.11667011   0.10989855   0.07006335   0.07237617   0.01595800   0.14260734   0.09124997   0.11244734   0.04703294   0.04285483   0.14261693   0.13315562   0.15672731   0.09217183   0.11856753   0.15104894   0.31702284   0.00000000   0.17206319   0.10240528   0.11836467   0.17176171
 0.26101562  -0.07565301   0.10651358   0.04810488   0.04492865   0.11331096   0.26534589   0.29684440   0.19630886   0.24721528   0.38214628   0.28719648   0.28134736   0.42796131   0.39691899   0.35085192   0.22186435   0.26091084   0.37204639   0.29923577   0.36858020   0.41540639   0.33611664   0.41781856   0.23114295   0.35464331   0.43267915   0.40941536   0.27618577   0.16110542   0.22508636   0.02039020   0.09872626   0.08076390   0.37237541   0.22447810   0.19459885   0.13587383   0.22019478   0.24128574   0.24578980   0.16157414   0.13966920   0.21229343   0.24292186   0.28079940  -0.06282971   0.01216590   0.10946774   0.07217264   0.15036509  -0.01366930   0.06302682   0.00996242   0.14527572   0.22128434   0.24556749  -0.16061347   0.05219672  -0.09482457   0.11169133   0.01974652   0.11034201   0.15566784   0.16533552   0.04132719   0.03871116  -0.04703329   0.00134650   0.01457432  -0.08729550   0.03441895   0.03717071  -0.04853801   0.02141742   0.03397854   0.17061875   0.01063389  -0.00740043   0.05830642   0.04101726   0.05570928   0.28117622   0.05784325   0.32125889   0.31223959   0.00180592   0.19153366   0.15783082  -0.01455949   0.16921266   0.19623435   0.10089465   0.03299217   0.07607223   0.00378694   0.25136648   0.11160774   0.39687693   0.13968837   0.36124691   0.26290304   0.01044641  -0.02454336   0.16282643   0.16570879   0.25053913   0.22057279   0.13001495   0.29576837   0.37888254   0.24004797   0.39531493   0.40104079   0.32578615   0.38600702   0.30046737   0.34505800   0.34337395   0.22901321   0.26385604   0.29833388   0.27378040   0.41219247   0.48936031   0.29472249   0.33776160   0.37275069   0.44860610   0.42449747   0.29522920   0.42906131   0.04768820   0.03402677   0.04309915   0.06870686   0.38002876   0.33750621   0.02489858   0.18403413   0.20321338   0.25175315   0.26005529   0.19344008   0.39932131   0.31056471   0.20643599   0.15019265   0.14524159   0.31183042  -0.09045118   0.04328228  -0.02358902   0.05442962   0.03501639   0.01876511  -0.06858827   0.17748656   0.07499205   0.10797517   0.20769349   0.09013843   0.10415976   0.29709387  -0.03529628   0.06498154   0.04913192   0.06091949   0.33597433   0.02798201   0.17716334  -0.01253929  -0.06298343  -0.06800116   0.14525018   0.07143409   0.06070812  -0.01845094   0.17890846   0.06813285   0.04858658   0.05106770  -0.01220813   0.07360930   0.06815958   0.05139456   0.01646392   0.00316491   0.22058956   0.20027403   0.41437933   0.14170438   0.16949303   0.07428122   0.25728557   0.17206319   0.00000000   0.35310858   0.26359002   0.25047878
 0.21848438   0.06355647   0.16850268   0.19039907   0.14389157   0.22066581   0.14726466   0.21676906   0.14870871   0.21492636   0.27249667   0.29150811   0.18166834   0.30565577   0.25136916   0.21442135   0.24181006   0.24816179   0.26762088   0.26951480   0.16117859   0.21773108   0.18396901   0.20795412   0.15436538   0.15879829   0.21577074   0.28336572   0.19124834   0.23203201   0.25022134   0.13084795   0.18696620   0.17012168   0.23541073   0.18703742   0.18305022   0.20910768   0.21720203   0.11590765   0.10620998   0.07992322   0.05505220   0.20233773   0.17156813   0.20210039  -0.01078968   0.08186273   0.05652628   0.05256231   0.10296978   0.00252335   0.11471824   0.02559027   0.10644006   0.16357453   0.25880481   0.00964101   0.11017306  -0.02034248   0.13428782   0.03908236   0.06685488   0.09345288   0.18794230   0.00969413   0.12913761   0.01546005   0.07839443   0.03925405   0.01366943   0.10012231   0.10068328   0.01176897   0.03342584   0.08925873   0.10427282   0.03000010   0.05067115   0.02018652   0.07089268   0.04781886   0.16579373   0.03362751   0.12714442   0.23508545   0.01330070   0.11054045   0.12097841   0.00916459   0.15355131   0.09104646   0.10226182   0.02699712   0.05702023   0.05898115   0.18468139   0.07005555   0.25281233   0.12703951   0.25067400   0.31572438   0.14068879   0.12581725   0.25585466   0.25828898   0.24251058   0.17981951   0.18778059   0.22480350   0.29516005   0.30062611   0.30328683   0.29735892   0.18770470   0.28511659   0.28627442   0.32413129   0.31614473   0.24841280   0.26862701   0.25268436   0.25801752   0.22763412   0.29580642   0.16994367   0.18182238   0.19259821   0.25469818   0.24630330   0.28136048   0.37019638   0.14979954   0.13108068   0.15530510   0.18449061   0.23162106   0.21730610   0.07852863   0.21767959   0.24985310   0.17470005   0.23244957   0.06734021   0.20968549   0.16560097   0.15192658   0.08695475   0.11242251   0.28128038   0.02584187   0.09490430   0.10769009   0.03353761   0.03724316   0.03466697  -0.02343421   0.08343894   0.03697716   0.06089676   0.12707533   0.11658880   0.05937211   0.16941843   0.04697749   0.12159593   0.12163277   0.09882125   0.17810014   0.03368185   0.12233634   0.11998632   0.00879607   0.04887074   0.14420666   0.13351697   0.09271620   0.06084955   0.16686807   0.09082988   0.13789249   0.10190276   0.01922670   0.08553980   0.12108146   0.04467313   0.01365462   0.02293731   0.13732054   0.20765226   0.23065416   0.14014220   0.10276294   0.08073810   0.18777714   0.10240528   0.35310858   0.00000000   0.31266321   0.18997700
 0.41763320   0.19214734   0.39361474   0.31043257   0.35859131   0.38866851   0.23004227   0.37016580   0.19550738   0.38198189   0.36096619   0.49890820   0.25164866   0.41587635   0.30175809   0.17985673   0.43456984   0.41692660   0.38173727   0.38864499   0.14387624   0.27114299   0.20727019   0.27702720   0.26320166   0.14388805   0.21958989   0.36154162   0.35226810   0.41556134   0.52500394   0.25232392   0.30480972   0.31859044   0.33176338   0.26553781   0.29602826   0.41584103   0.47878119   0.32486461   0.22213399   0.09574125   0.22084100   0.42325335   0.34549203   0.35281167   0.21225032   0.25665095   0.10321596   0.16385877   0.15497780   0.04938462   0.10828853   0.07520071   0.17820568   0.15448574   0.49451071   0.07039931   0.24480295   0.05695173   0.37362000   0.18701944   0.10113410   0.20053519   0.32387852   0.00933110   0.35777256   0.09171920   0.20235350   0.09218021   0.08903783   0.29027213   0.23408787   0.12641032   0.02028555   0.12668714   0.11697143   0.10992296   0.12092492   0.03479417   0.11007152   0.10565944   0.10658742  -0.00327545   0.07364258   0.19659844   0.00658033   0.12085650   0.15708503   0.08519940   0.20134308   0.08976667   0.22250586  -0.00817782   0.06987429   0.10615015   0.28622238   0.09359132   0.17741457   0.20667404   0.40231928   0.48348862   0.33385091   0.27884933   0.45237845   0.44408165   0.37851325   0.32401775   0.41550733   0.37999099   0.43015097   0.49319254   0.38389989   0.41701354   0.25898138   0.34115038   0.40327708   0.46338210   0.46860709   0.40618598   0.42922316   0.30989878   0.42930615   0.23563346   0.33455275   0.17130947   0.13732543   0.26069096   0.34687215   0.28651869   0.50515234   0.53202681   0.28473882   0.22644019   0.28279346   0.33968422   0.31650346   0.29299931   0.22583835   0.44913540   0.47200887   0.43072883   0.33156724   0.17990276   0.28344791   0.31077780   0.31698427   0.20549854   0.35061339   0.53987111   0.21128048   0.30459644   0.30402371   0.05560946   0.04042204   0.16636549   0.03340526   0.15408736   0.02991562   0.16110130   0.18744498   0.15373800   0.07630994   0.25805749   0.14524800   0.29123594   0.25592480   0.25140207   0.25497134   0.05692166   0.10948097   0.32501755   0.04684034   0.10477937   0.24444103   0.23347852   0.21476992   0.19574196   0.27941092   0.12101523   0.33561229   0.21144008   0.17359551   0.23135695   0.20742327   0.14897271   0.01392586   0.10161844   0.20582351   0.36455644   0.22148081   0.22761897   0.10351193   0.10606584   0.31504415   0.11836467   0.26359002   0.31266321   0.00000000   0.34028474
 0.30197688   0.04759376   0.21454200   0.05877494   0.20057896   0.13249515   0.26443815   0.28402106   0.19802594   0.32130947   0.32904163   0.32473512   0.21821895   0.25497659   0.19992583   0.11016409   0.17571894   0.20869024   0.27238254   0.19780197   0.23810938   0.34299295   0.23352445   0.32510575   0.40725071   0.22182324   0.23691813   0.30375137   0.26043956   0.18905604   0.31497391   0.06768920   0.09742203   0.24292345   0.36184290   0.14683015   0.13305829   0.26167322   0.31382121   0.43100691   0.30123311   0.20605728   0.37952428   0.38450536   0.28286809   0.27493623   0.43176818   0.35758881   0.14831576   0.22049373   0.07823660   0.04488245   0.07904095   0.04426697   0.16224394   0.17787977   0.28036913   0.01546012   0.25174091   0.08829846   0.31109763   0.19528100   0.00891798   0.27299045   0.14056396  -0.02080369   0.15841472   0.29109823   0.17226324   0.08921742   0.17289416   0.29148516   0.18353447   0.16658042  -0.06888877   0.01647098   0.01632660   0.12710185   0.08369897  -0.04803098  -0.02241774   0.15108699   0.10136321  -0.00088403   0.14771373   0.23400326   0.19837728   0.14550603   0.15698069   0.07759568   0.21700482   0.24119303   0.11087045   0.10354226   0.17308838   0.04132263   0.21876908   0.10568982   0.17445949   0.20563254   0.33938998   0.20643905   0.11988598   0.05871466   0.18474040   0.19113121   0.26118552   0.28285125   0.27292577   0.33652643   0.34921533   0.27041129   0.26251066   0.32643302   0.22030830   0.20460758   0.19256835   0.22219846   0.22577843   0.22165379   0.27143381   0.18652852   0.22740929   0.28901467   0.37105216   0.19863269   0.21547518   0.28452300   0.36612597   0.23693568   0.31778561   0.31435123   0.09247758   0.11393159   0.17549905   0.18971780   0.35707627   0.25498894   0.18888922   0.23476052   0.27939001   0.54565947   0.26689002   0.21435344   0.32822143   0.39949907   0.33181606   0.23637941   0.40018583   0.38370791   0.45044939   0.34825674   0.36348210   0.14532766   0.10472409   0.20223531   0.02114926   0.20869356  -0.05648416   0.20227331   0.17782464   0.14785740   0.09292815   0.23311583   0.08398358   0.32145962   0.25918544   0.34930559   0.26073908   0.05457074   0.10185664   0.10545392   0.22745154   0.16550295   0.29440858   0.28494694   0.15240454   0.26732243   0.42048966   0.10435777   0.22773033   0.11641242   0.21027943   0.52324692   0.13225454   0.11309916   0.05209541   0.05850473   0.11963950   0.34756426   0.22252713   0.26494271   0.27423455   0.08998147   0.23221806   0.17176171   0.25047878   0.18997700   0.34028474   0.00000000
